Wykonano w czasie 2568.4719660282135

Grafy o 0 krawędziach 
[]





Grafy o 1 krawędziach 
[1]
[1]
[0]
[0]
[0]
[0]





Grafy o 2 krawędziach 
[1, 1]
[1, 0]
[0, 1]
[0, 0]
[0, 0]
[0, 0]


[0, 1]
[1, 0]
[1, 0]
[0, 1]
[0, 0]
[0, 0]





Grafy o 3 krawędziach 
[1, 1, 0]
[1, 0, 1]
[0, 1, 1]
[0, 0, 0]
[0, 0, 0]
[0, 0, 0]


[1, 1, 1]
[1, 0, 0]
[0, 1, 0]
[0, 0, 1]
[0, 0, 0]
[0, 0, 0]


[1, 0, 1]
[1, 1, 0]
[0, 1, 0]
[0, 0, 1]
[0, 0, 0]
[0, 0, 0]


[0, 1, 1]
[1, 0, 0]
[1, 0, 0]
[0, 1, 0]
[0, 0, 1]
[0, 0, 0]


[0, 0, 1]
[0, 1, 0]
[1, 0, 0]
[1, 0, 0]
[0, 1, 0]
[0, 0, 1]





Grafy o 4 krawędziach 
[1, 1, 0, 1]
[1, 0, 1, 0]
[0, 1, 1, 0]
[0, 0, 0, 1]
[0, 0, 0, 0]
[0, 0, 0, 0]


[1, 0, 1, 0]
[0, 1, 0, 1]
[1, 1, 0, 0]
[0, 0, 1, 1]
[0, 0, 0, 0]
[0, 0, 0, 0]


[1, 1, 1, 1]
[1, 0, 0, 0]
[0, 1, 0, 0]
[0, 0, 1, 0]
[0, 0, 0, 1]
[0, 0, 0, 0]


[1, 0, 1, 1]
[1, 1, 0, 0]
[0, 1, 0, 0]
[0, 0, 1, 0]
[0, 0, 0, 1]
[0, 0, 0, 0]


[1, 0, 0, 1]
[0, 1, 1, 0]
[1, 1, 0, 0]
[0, 0, 1, 0]
[0, 0, 0, 1]
[0, 0, 0, 0]


[0, 0, 0, 1]
[1, 1, 0, 0]
[1, 0, 1, 0]
[0, 1, 1, 0]
[0, 0, 0, 1]
[0, 0, 0, 0]


[0, 1, 1, 1]
[1, 0, 0, 0]
[1, 0, 0, 0]
[0, 1, 0, 0]
[0, 0, 1, 0]
[0, 0, 0, 1]


[0, 0, 1, 1]
[1, 1, 0, 0]
[1, 0, 0, 0]
[0, 1, 0, 0]
[0, 0, 1, 0]
[0, 0, 0, 1]


[1, 0, 0, 1]
[1, 0, 1, 0]
[0, 1, 0, 0]
[0, 1, 0, 0]
[0, 0, 1, 0]
[0, 0, 0, 1]





Grafy o 5 krawędziach 
[1, 1, 0, 1, 0]
[1, 0, 1, 0, 1]
[0, 1, 1, 0, 0]
[0, 0, 0, 1, 1]
[0, 0, 0, 0, 0]
[0, 0, 0, 0, 0]


[1, 1, 0, 1, 1]
[1, 0, 1, 0, 0]
[0, 1, 1, 0, 0]
[0, 0, 0, 1, 0]
[0, 0, 0, 0, 1]
[0, 0, 0, 0, 0]


[1, 1, 0, 0, 1]
[1, 0, 1, 1, 0]
[0, 1, 1, 0, 0]
[0, 0, 0, 1, 0]
[0, 0, 0, 0, 1]
[0, 0, 0, 0, 0]


[1, 0, 1, 0, 1]
[0, 1, 0, 1, 0]
[1, 1, 0, 0, 0]
[0, 0, 1, 1, 0]
[0, 0, 0, 0, 1]
[0, 0, 0, 0, 0]


[1, 0, 0, 0, 1]
[1, 1, 1, 0, 0]
[0, 1, 0, 1, 0]
[0, 0, 1, 1, 0]
[0, 0, 0, 0, 1]
[0, 0, 0, 0, 0]


[0, 1, 0, 1, 0]
[1, 0, 0, 0, 1]
[1, 0, 1, 0, 0]
[0, 1, 1, 0, 0]
[0, 0, 0, 1, 1]
[0, 0, 0, 0, 0]


[1, 1, 1, 1, 1]
[1, 0, 0, 0, 0]
[0, 1, 0, 0, 0]
[0, 0, 1, 0, 0]
[0, 0, 0, 1, 0]
[0, 0, 0, 0, 1]


[1, 0, 1, 1, 1]
[1, 1, 0, 0, 0]
[0, 1, 0, 0, 0]
[0, 0, 1, 0, 0]
[0, 0, 0, 1, 0]
[0, 0, 0, 0, 1]


[1, 0, 0, 1, 1]
[1, 1, 1, 0, 0]
[0, 1, 0, 0, 0]
[0, 0, 1, 0, 0]
[0, 0, 0, 1, 0]
[0, 0, 0, 0, 1]


[1, 0, 0, 1, 1]
[0, 1, 1, 0, 0]
[1, 1, 0, 0, 0]
[0, 0, 1, 0, 0]
[0, 0, 0, 1, 0]
[0, 0, 0, 0, 1]


[0, 0, 0, 1, 1]
[1, 1, 0, 0, 0]
[1, 0, 1, 0, 0]
[0, 1, 1, 0, 0]
[0, 0, 0, 1, 0]
[0, 0, 0, 0, 1]


[1, 1, 0, 0, 1]
[1, 0, 0, 1, 0]
[0, 1, 1, 0, 0]
[0, 0, 1, 0, 0]
[0, 0, 0, 1, 0]
[0, 0, 0, 0, 1]


[1, 1, 0, 0, 1]
[0, 0, 0, 1, 0]
[1, 0, 1, 0, 0]
[0, 1, 1, 0, 0]
[0, 0, 0, 1, 0]
[0, 0, 0, 0, 1]


[0, 1, 0, 0, 1]
[1, 0, 0, 1, 0]
[1, 0, 1, 0, 0]
[0, 1, 1, 0, 0]
[0, 0, 0, 1, 0]
[0, 0, 0, 0, 1]


[0, 0, 0, 0, 1]
[1, 0, 1, 0, 0]
[0, 1, 0, 1, 0]
[1, 1, 0, 0, 0]
[0, 0, 1, 1, 0]
[0, 0, 0, 0, 1]





Grafy o 6 krawędziach 
[1, 1, 0, 1, 0, 0]
[1, 0, 1, 0, 1, 0]
[0, 1, 1, 0, 0, 1]
[0, 0, 0, 1, 1, 1]
[0, 0, 0, 0, 0, 0]
[0, 0, 0, 0, 0, 0]


[1, 1, 0, 1, 0, 1]
[1, 0, 1, 0, 1, 0]
[0, 1, 1, 0, 0, 0]
[0, 0, 0, 1, 1, 0]
[0, 0, 0, 0, 0, 1]
[0, 0, 0, 0, 0, 0]


[1, 1, 0, 0, 0, 1]
[1, 0, 1, 1, 0, 0]
[0, 1, 1, 0, 1, 0]
[0, 0, 0, 1, 1, 0]
[0, 0, 0, 0, 0, 1]
[0, 0, 0, 0, 0, 0]


[1, 0, 1, 0, 1, 0]
[0, 1, 0, 1, 0, 1]
[1, 1, 0, 0, 0, 0]
[0, 0, 1, 1, 0, 0]
[0, 0, 0, 0, 1, 1]
[0, 0, 0, 0, 0, 0]


[1, 1, 1, 0, 1, 0]
[1, 0, 0, 0, 0, 1]
[0, 1, 0, 1, 0, 0]
[0, 0, 1, 1, 0, 0]
[0, 0, 0, 0, 1, 1]
[0, 0, 0, 0, 0, 0]


[1, 0, 1, 0, 1, 0]
[1, 1, 0, 0, 0, 1]
[0, 1, 0, 1, 0, 0]
[0, 0, 1, 1, 0, 0]
[0, 0, 0, 0, 1, 1]
[0, 0, 0, 0, 0, 0]


[1, 1, 0, 1, 1, 1]
[1, 0, 1, 0, 0, 0]
[0, 1, 1, 0, 0, 0]
[0, 0, 0, 1, 0, 0]
[0, 0, 0, 0, 1, 0]
[0, 0, 0, 0, 0, 1]


[1, 1, 0, 0, 1, 1]
[1, 0, 1, 1, 0, 0]
[0, 1, 1, 0, 0, 0]
[0, 0, 0, 1, 0, 0]
[0, 0, 0, 0, 1, 0]
[0, 0, 0, 0, 0, 1]


[1, 0, 1, 0, 1, 1]
[0, 1, 0, 1, 0, 0]
[1, 1, 0, 0, 0, 0]
[0, 0, 1, 1, 0, 0]
[0, 0, 0, 0, 1, 0]
[0, 0, 0, 0, 0, 1]


[1, 0, 0, 0, 1, 1]
[1, 1, 1, 0, 0, 0]
[0, 1, 0, 1, 0, 0]
[0, 0, 1, 1, 0, 0]
[0, 0, 0, 0, 1, 0]
[0, 0, 0, 0, 0, 1]


[1, 0, 1, 0, 0, 1]
[0, 1, 0, 1, 1, 0]
[1, 1, 0, 0, 0, 0]
[0, 0, 1, 1, 0, 0]
[0, 0, 0, 0, 1, 0]
[0, 0, 0, 0, 0, 1]


[1, 1, 0, 0, 0, 1]
[1, 0, 1, 0, 1, 0]
[0, 1, 1, 1, 0, 0]
[0, 0, 0, 1, 0, 0]
[0, 0, 0, 0, 1, 0]
[0, 0, 0, 0, 0, 1]


[1, 1, 1, 0, 0, 1]
[1, 0, 0, 0, 1, 0]
[0, 1, 0, 1, 0, 0]
[0, 0, 1, 1, 0, 0]
[0, 0, 0, 0, 1, 0]
[0, 0, 0, 0, 0, 1]


[1, 0, 1, 0, 0, 1]
[1, 1, 0, 0, 1, 0]
[0, 1, 0, 1, 0, 0]
[0, 0, 1, 1, 0, 0]
[0, 0, 0, 0, 1, 0]
[0, 0, 0, 0, 0, 1]


[1, 0, 1, 0, 0, 1]
[0, 1, 0, 0, 1, 0]
[1, 1, 0, 1, 0, 0]
[0, 0, 1, 1, 0, 0]
[0, 0, 0, 0, 1, 0]
[0, 0, 0, 0, 0, 1]


[0, 1, 0, 1, 0, 1]
[1, 0, 0, 0, 1, 0]
[1, 0, 1, 0, 0, 0]
[0, 1, 1, 0, 0, 0]
[0, 0, 0, 1, 1, 0]
[0, 0, 0, 0, 0, 1]


[0, 0, 0, 1, 0, 1]
[1, 1, 0, 0, 1, 0]
[1, 0, 1, 0, 0, 0]
[0, 1, 1, 0, 0, 0]
[0, 0, 0, 1, 1, 0]
[0, 0, 0, 0, 0, 1]


[1, 0, 0, 0, 0, 1]
[1, 1, 0, 1, 0, 0]
[0, 0, 1, 0, 1, 0]
[0, 1, 1, 0, 0, 0]
[0, 0, 0, 1, 1, 0]
[0, 0, 0, 0, 0, 1]


[0, 0, 0, 0, 0, 1]
[1, 1, 0, 1, 0, 0]
[1, 0, 1, 0, 1, 0]
[0, 1, 1, 0, 0, 0]
[0, 0, 0, 1, 1, 0]
[0, 0, 0, 0, 0, 1]


[0, 0, 1, 0, 1, 0]
[1, 0, 0, 0, 0, 1]
[0, 1, 0, 1, 0, 0]
[1, 1, 0, 0, 0, 0]
[0, 0, 1, 1, 0, 0]
[0, 0, 0, 0, 1, 1]


[1, 0, 0, 0, 1, 0]
[1, 0, 0, 0, 0, 1]
[0, 1, 1, 0, 0, 0]
[0, 1, 0, 1, 0, 0]
[0, 0, 1, 1, 0, 0]
[0, 0, 0, 0, 1, 1]





Grafy o 7 krawędziach 
[1, 1, 0, 1, 0, 0, 1]
[1, 0, 1, 0, 1, 0, 0]
[0, 1, 1, 0, 0, 1, 0]
[0, 0, 0, 1, 1, 1, 0]
[0, 0, 0, 0, 0, 0, 1]
[0, 0, 0, 0, 0, 0, 0]


[1, 1, 0, 1, 0, 1, 0]
[1, 0, 1, 0, 1, 0, 1]
[0, 1, 1, 0, 0, 0, 0]
[0, 0, 0, 1, 1, 0, 0]
[0, 0, 0, 0, 0, 1, 1]
[0, 0, 0, 0, 0, 0, 0]


[1, 1, 0, 1, 0, 1, 0]
[1, 0, 1, 0, 0, 0, 1]
[0, 1, 1, 0, 1, 0, 0]
[0, 0, 0, 1, 1, 0, 0]
[0, 0, 0, 0, 0, 1, 1]
[0, 0, 0, 0, 0, 0, 0]


[1, 0, 1, 0, 0, 1, 0]
[0, 1, 0, 1, 0, 0, 1]
[1, 1, 0, 0, 1, 0, 0]
[0, 0, 1, 1, 1, 0, 0]
[0, 0, 0, 0, 0, 1, 1]
[0, 0, 0, 0, 0, 0, 0]


[1, 1, 0, 1, 0, 1, 1]
[1, 0, 1, 0, 1, 0, 0]
[0, 1, 1, 0, 0, 0, 0]
[0, 0, 0, 1, 1, 0, 0]
[0, 0, 0, 0, 0, 1, 0]
[0, 0, 0, 0, 0, 0, 1]


[1, 1, 0, 0, 0, 1, 1]
[1, 0, 1, 1, 0, 0, 0]
[0, 1, 1, 0, 1, 0, 0]
[0, 0, 0, 1, 1, 0, 0]
[0, 0, 0, 0, 0, 1, 0]
[0, 0, 0, 0, 0, 0, 1]


[1, 1, 0, 1, 0, 0, 1]
[1, 0, 1, 0, 1, 1, 0]
[0, 1, 1, 0, 0, 0, 0]
[0, 0, 0, 1, 1, 0, 0]
[0, 0, 0, 0, 0, 1, 0]
[0, 0, 0, 0, 0, 0, 1]


[1, 1, 0, 1, 0, 0, 1]
[1, 0, 1, 0, 0, 1, 0]
[0, 1, 1, 0, 1, 0, 0]
[0, 0, 0, 1, 1, 0, 0]
[0, 0, 0, 0, 0, 1, 0]
[0, 0, 0, 0, 0, 0, 1]


[1, 0, 1, 0, 0, 0, 1]
[0, 1, 0, 1, 0, 1, 0]
[1, 1, 0, 0, 1, 0, 0]
[0, 0, 1, 1, 1, 0, 0]
[0, 0, 0, 0, 0, 1, 0]
[0, 0, 0, 0, 0, 0, 1]


[1, 0, 1, 0, 1, 0, 1]
[0, 1, 0, 1, 0, 1, 0]
[1, 1, 0, 0, 0, 0, 0]
[0, 0, 1, 1, 0, 0, 0]
[0, 0, 0, 0, 1, 1, 0]
[0, 0, 0, 0, 0, 0, 1]


[1, 1, 1, 0, 1, 0, 1]
[1, 0, 0, 0, 0, 1, 0]
[0, 1, 0, 1, 0, 0, 0]
[0, 0, 1, 1, 0, 0, 0]
[0, 0, 0, 0, 1, 1, 0]
[0, 0, 0, 0, 0, 0, 1]


[1, 0, 1, 0, 1, 0, 1]
[1, 1, 0, 0, 0, 1, 0]
[0, 1, 0, 1, 0, 0, 0]
[0, 0, 1, 1, 0, 0, 0]
[0, 0, 0, 0, 1, 1, 0]
[0, 0, 0, 0, 0, 0, 1]


[1, 0, 0, 0, 1, 0, 1]
[1, 1, 1, 0, 0, 1, 0]
[0, 1, 0, 1, 0, 0, 0]
[0, 0, 1, 1, 0, 0, 0]
[0, 0, 0, 0, 1, 1, 0]
[0, 0, 0, 0, 0, 0, 1]


[1, 0, 0, 0, 1, 0, 1]
[0, 1, 1, 0, 0, 1, 0]
[1, 1, 0, 1, 0, 0, 0]
[0, 0, 1, 1, 0, 0, 0]
[0, 0, 0, 0, 1, 1, 0]
[0, 0, 0, 0, 0, 0, 1]


[1, 1, 0, 0, 0, 0, 1]
[1, 0, 1, 0, 1, 0, 0]
[0, 1, 0, 1, 0, 1, 0]
[0, 0, 1, 1, 0, 0, 0]
[0, 0, 0, 0, 1, 1, 0]
[0, 0, 0, 0, 0, 0, 1]


[1, 0, 0, 0, 0, 0, 1]
[1, 1, 1, 0, 1, 0, 0]
[0, 1, 0, 1, 0, 1, 0]
[0, 0, 1, 1, 0, 0, 0]
[0, 0, 0, 0, 1, 1, 0]
[0, 0, 0, 0, 0, 0, 1]


[1, 1, 0, 0, 0, 0, 1]
[1, 0, 1, 0, 1, 0, 0]
[0, 0, 0, 1, 0, 1, 0]
[0, 1, 1, 1, 0, 0, 0]
[0, 0, 0, 0, 1, 1, 0]
[0, 0, 0, 0, 0, 0, 1]


[0, 1, 0, 0, 0, 0, 1]
[1, 0, 1, 0, 1, 0, 0]
[1, 0, 0, 1, 0, 1, 0]
[0, 1, 1, 1, 0, 0, 0]
[0, 0, 0, 0, 1, 1, 0]
[0, 0, 0, 0, 0, 0, 1]


[0, 0, 0, 0, 0, 0, 1]
[1, 1, 0, 1, 0, 0, 0]
[1, 0, 1, 0, 1, 0, 0]
[0, 1, 1, 0, 0, 1, 0]
[0, 0, 0, 1, 1, 1, 0]
[0, 0, 0, 0, 0, 0, 1]


[1, 1, 0, 1, 0, 1, 0]
[0, 0, 0, 0, 1, 0, 1]
[1, 0, 1, 0, 0, 0, 0]
[0, 1, 1, 0, 0, 0, 0]
[0, 0, 0, 1, 1, 0, 0]
[0, 0, 0, 0, 0, 1, 1]


[0, 1, 0, 1, 0, 1, 0]
[1, 0, 0, 0, 1, 0, 1]
[1, 0, 1, 0, 0, 0, 0]
[0, 1, 1, 0, 0, 0, 0]
[0, 0, 0, 1, 1, 0, 0]
[0, 0, 0, 0, 0, 1, 1]


[1, 0, 0, 1, 0, 1, 0]
[1, 1, 0, 0, 0, 0, 1]
[0, 0, 1, 0, 1, 0, 0]
[0, 1, 1, 0, 0, 0, 0]
[0, 0, 0, 1, 1, 0, 0]
[0, 0, 0, 0, 0, 1, 1]


[1, 0, 0, 1, 0, 1, 0]
[0, 1, 0, 0, 0, 0, 1]
[0, 0, 1, 0, 1, 0, 0]
[1, 1, 1, 0, 0, 0, 0]
[0, 0, 0, 1, 1, 0, 0]
[0, 0, 0, 0, 0, 1, 1]


[1, 1, 0, 0, 0, 1, 0]
[1, 0, 0, 0, 0, 0, 1]
[0, 1, 1, 1, 0, 0, 0]
[0, 0, 1, 0, 1, 0, 0]
[0, 0, 0, 1, 1, 0, 0]
[0, 0, 0, 0, 0, 1, 1]





Grafy o 8 krawędziach 
[1, 1, 0, 1, 0, 0, 1, 0]
[1, 0, 1, 0, 1, 0, 0, 1]
[0, 1, 1, 0, 0, 1, 0, 0]
[0, 0, 0, 1, 1, 1, 0, 0]
[0, 0, 0, 0, 0, 0, 1, 1]
[0, 0, 0, 0, 0, 0, 0, 0]


[1, 1, 1, 0, 0, 1, 0, 0]
[1, 0, 0, 1, 0, 0, 1, 0]
[0, 1, 0, 0, 1, 0, 0, 1]
[0, 0, 1, 1, 1, 0, 0, 0]
[0, 0, 0, 0, 0, 1, 1, 1]
[0, 0, 0, 0, 0, 0, 0, 0]


[1, 1, 0, 1, 0, 0, 1, 1]
[1, 0, 1, 0, 1, 0, 0, 0]
[0, 1, 1, 0, 0, 1, 0, 0]
[0, 0, 0, 1, 1, 1, 0, 0]
[0, 0, 0, 0, 0, 0, 1, 0]
[0, 0, 0, 0, 0, 0, 0, 1]


[1, 1, 0, 1, 0, 0, 0, 1]
[1, 0, 1, 0, 1, 0, 1, 0]
[0, 1, 1, 0, 0, 1, 0, 0]
[0, 0, 0, 1, 1, 1, 0, 0]
[0, 0, 0, 0, 0, 0, 1, 0]
[0, 0, 0, 0, 0, 0, 0, 1]


[1, 1, 0, 1, 0, 1, 0, 1]
[1, 0, 1, 0, 1, 0, 1, 0]
[0, 1, 1, 0, 0, 0, 0, 0]
[0, 0, 0, 1, 1, 0, 0, 0]
[0, 0, 0, 0, 0, 1, 1, 0]
[0, 0, 0, 0, 0, 0, 0, 1]


[1, 1, 0, 1, 0, 1, 0, 1]
[1, 0, 1, 0, 0, 0, 1, 0]
[0, 1, 1, 0, 1, 0, 0, 0]
[0, 0, 0, 1, 1, 0, 0, 0]
[0, 0, 0, 0, 0, 1, 1, 0]
[0, 0, 0, 0, 0, 0, 0, 1]


[1, 1, 0, 0, 0, 1, 0, 1]
[1, 0, 1, 1, 0, 0, 1, 0]
[0, 1, 1, 0, 1, 0, 0, 0]
[0, 0, 0, 1, 1, 0, 0, 0]
[0, 0, 0, 0, 0, 1, 1, 0]
[0, 0, 0, 0, 0, 0, 0, 1]


[1, 0, 1, 0, 0, 1, 0, 1]
[0, 1, 0, 1, 0, 0, 1, 0]
[1, 1, 0, 0, 1, 0, 0, 0]
[0, 0, 1, 1, 1, 0, 0, 0]
[0, 0, 0, 0, 0, 1, 1, 0]
[0, 0, 0, 0, 0, 0, 0, 1]


[1, 1, 0, 0, 0, 0, 0, 1]
[1, 0, 1, 1, 0, 1, 0, 0]
[0, 1, 1, 0, 1, 0, 1, 0]
[0, 0, 0, 1, 1, 0, 0, 0]
[0, 0, 0, 0, 0, 1, 1, 0]
[0, 0, 0, 0, 0, 0, 0, 1]


[1, 1, 1, 0, 0, 0, 0, 1]
[1, 0, 0, 1, 0, 1, 0, 0]
[0, 1, 0, 0, 1, 0, 1, 0]
[0, 0, 1, 1, 1, 0, 0, 0]
[0, 0, 0, 0, 0, 1, 1, 0]
[0, 0, 0, 0, 0, 0, 0, 1]


[1, 0, 1, 0, 0, 0, 0, 1]
[1, 1, 0, 1, 0, 1, 0, 0]
[0, 1, 0, 0, 1, 0, 1, 0]
[0, 0, 1, 1, 1, 0, 0, 0]
[0, 0, 0, 0, 0, 1, 1, 0]
[0, 0, 0, 0, 0, 0, 0, 1]


[0, 1, 0, 0, 1, 0, 0, 1]
[1, 0, 1, 0, 0, 1, 0, 0]
[1, 0, 0, 1, 0, 0, 1, 0]
[0, 1, 1, 1, 0, 0, 0, 0]
[0, 0, 0, 0, 1, 1, 1, 0]
[0, 0, 0, 0, 0, 0, 0, 1]


[1, 0, 0, 0, 0, 0, 0, 1]
[1, 1, 1, 0, 1, 0, 0, 0]
[0, 1, 0, 1, 0, 1, 0, 0]
[0, 0, 1, 1, 0, 0, 1, 0]
[0, 0, 0, 0, 1, 1, 1, 0]
[0, 0, 0, 0, 0, 0, 0, 1]


[1, 0, 1, 0, 1, 0, 1, 0]
[0, 1, 0, 1, 0, 1, 0, 1]
[1, 1, 0, 0, 0, 0, 0, 0]
[0, 0, 1, 1, 0, 0, 0, 0]
[0, 0, 0, 0, 1, 1, 0, 0]
[0, 0, 0, 0, 0, 0, 1, 1]


[1, 1, 1, 0, 1, 0, 1, 0]
[1, 0, 0, 0, 0, 1, 0, 1]
[0, 1, 0, 1, 0, 0, 0, 0]
[0, 0, 1, 1, 0, 0, 0, 0]
[0, 0, 0, 0, 1, 1, 0, 0]
[0, 0, 0, 0, 0, 0, 1, 1]


[1, 0, 1, 0, 1, 0, 1, 0]
[1, 1, 0, 0, 0, 1, 0, 1]
[0, 1, 0, 1, 0, 0, 0, 0]
[0, 0, 1, 1, 0, 0, 0, 0]
[0, 0, 0, 0, 1, 1, 0, 0]
[0, 0, 0, 0, 0, 0, 1, 1]


[1, 0, 1, 0, 1, 0, 1, 0]
[0, 1, 0, 0, 0, 1, 0, 1]
[1, 1, 0, 1, 0, 0, 0, 0]
[0, 0, 1, 1, 0, 0, 0, 0]
[0, 0, 0, 0, 1, 1, 0, 0]
[0, 0, 0, 0, 0, 0, 1, 1]


[1, 1, 0, 0, 1, 0, 1, 0]
[1, 0, 1, 0, 0, 0, 0, 1]
[0, 1, 0, 1, 0, 1, 0, 0]
[0, 0, 1, 1, 0, 0, 0, 0]
[0, 0, 0, 0, 1, 1, 0, 0]
[0, 0, 0, 0, 0, 0, 1, 1]


[1, 1, 0, 0, 1, 0, 1, 0]
[1, 0, 1, 0, 0, 0, 0, 1]
[0, 0, 0, 1, 0, 1, 0, 0]
[0, 1, 1, 1, 0, 0, 0, 0]
[0, 0, 0, 0, 1, 1, 0, 0]
[0, 0, 0, 0, 0, 0, 1, 1]


[0, 1, 0, 0, 1, 0, 1, 0]
[1, 0, 1, 0, 0, 0, 0, 1]
[1, 0, 0, 1, 0, 1, 0, 0]
[0, 1, 1, 1, 0, 0, 0, 0]
[0, 0, 0, 0, 1, 1, 0, 0]
[0, 0, 0, 0, 0, 0, 1, 1]


[1, 0, 0, 1, 0, 0, 1, 0]
[0, 1, 0, 0, 1, 0, 0, 1]
[0, 0, 1, 0, 0, 1, 0, 0]
[1, 1, 1, 0, 0, 0, 0, 0]
[0, 0, 0, 1, 1, 1, 0, 0]
[0, 0, 0, 0, 0, 0, 1, 1]


[1, 1, 0, 0, 0, 0, 1, 0]
[1, 0, 1, 0, 0, 0, 0, 1]
[0, 1, 1, 1, 1, 0, 0, 0]
[0, 0, 0, 1, 0, 1, 0, 0]
[0, 0, 0, 0, 1, 1, 0, 0]
[0, 0, 0, 0, 0, 0, 1, 1]


[1, 0, 1, 0, 0, 0, 1, 0]
[1, 1, 0, 0, 0, 0, 0, 1]
[0, 1, 0, 1, 1, 0, 0, 0]
[0, 0, 1, 1, 0, 1, 0, 0]
[0, 0, 0, 0, 1, 1, 0, 0]
[0, 0, 0, 0, 0, 0, 1, 1]


[0, 1, 0, 1, 0, 0, 1, 0]
[1, 0, 0, 0, 0, 0, 0, 1]
[1, 0, 1, 0, 1, 0, 0, 0]
[0, 1, 1, 0, 0, 1, 0, 0]
[0, 0, 0, 1, 1, 1, 0, 0]
[0, 0, 0, 0, 0, 0, 1, 1]





Grafy o 9 krawędziach 
[1, 1, 0, 1, 0, 0, 1, 0, 0]
[1, 0, 1, 0, 1, 0, 0, 1, 0]
[0, 1, 1, 0, 0, 1, 0, 0, 1]
[0, 0, 0, 1, 1, 1, 0, 0, 0]
[0, 0, 0, 0, 0, 0, 1, 1, 1]
[0, 0, 0, 0, 0, 0, 0, 0, 0]


[1, 1, 0, 1, 0, 0, 1, 0, 1]
[1, 0, 1, 0, 1, 0, 0, 1, 0]
[0, 1, 1, 0, 0, 1, 0, 0, 0]
[0, 0, 0, 1, 1, 1, 0, 0, 0]
[0, 0, 0, 0, 0, 0, 1, 1, 0]
[0, 0, 0, 0, 0, 0, 0, 0, 1]


[1, 1, 0, 1, 0, 0, 0, 0, 1]
[1, 0, 1, 0, 1, 0, 1, 0, 0]
[0, 1, 1, 0, 0, 1, 0, 1, 0]
[0, 0, 0, 1, 1, 1, 0, 0, 0]
[0, 0, 0, 0, 0, 0, 1, 1, 0]
[0, 0, 0, 0, 0, 0, 0, 0, 1]


[1, 1, 1, 0, 0, 1, 0, 0, 1]
[1, 0, 0, 1, 0, 0, 1, 0, 0]
[0, 1, 0, 0, 1, 0, 0, 1, 0]
[0, 0, 1, 1, 1, 0, 0, 0, 0]
[0, 0, 0, 0, 0, 1, 1, 1, 0]
[0, 0, 0, 0, 0, 0, 0, 0, 1]


[1, 0, 1, 0, 0, 1, 0, 0, 1]
[1, 1, 0, 1, 0, 0, 1, 0, 0]
[0, 1, 0, 0, 1, 0, 0, 1, 0]
[0, 0, 1, 1, 1, 0, 0, 0, 0]
[0, 0, 0, 0, 0, 1, 1, 1, 0]
[0, 0, 0, 0, 0, 0, 0, 0, 1]


[1, 1, 0, 0, 0, 0, 0, 0, 1]
[1, 0, 1, 1, 0, 1, 0, 0, 0]
[0, 1, 1, 0, 1, 0, 1, 0, 0]
[0, 0, 0, 1, 1, 0, 0, 1, 0]
[0, 0, 0, 0, 0, 1, 1, 1, 0]
[0, 0, 0, 0, 0, 0, 0, 0, 1]


[1, 1, 0, 1, 0, 1, 0, 1, 0]
[1, 0, 1, 0, 1, 0, 1, 0, 1]
[0, 1, 1, 0, 0, 0, 0, 0, 0]
[0, 0, 0, 1, 1, 0, 0, 0, 0]
[0, 0, 0, 0, 0, 1, 1, 0, 0]
[0, 0, 0, 0, 0, 0, 0, 1, 1]


[1, 1, 0, 1, 0, 1, 0, 1, 0]
[1, 0, 1, 0, 0, 0, 1, 0, 1]
[0, 1, 1, 0, 1, 0, 0, 0, 0]
[0, 0, 0, 1, 1, 0, 0, 0, 0]
[0, 0, 0, 0, 0, 1, 1, 0, 0]
[0, 0, 0, 0, 0, 0, 0, 1, 1]


[1, 0, 1, 0, 0, 1, 0, 1, 0]
[0, 1, 0, 1, 0, 0, 1, 0, 1]
[1, 1, 0, 0, 1, 0, 0, 0, 0]
[0, 0, 1, 1, 1, 0, 0, 0, 0]
[0, 0, 0, 0, 0, 1, 1, 0, 0]
[0, 0, 0, 0, 0, 0, 0, 1, 1]


[1, 1, 0, 0, 0, 1, 0, 1, 0]
[1, 0, 1, 1, 0, 0, 0, 0, 1]
[0, 1, 1, 0, 1, 0, 1, 0, 0]
[0, 0, 0, 1, 1, 0, 0, 0, 0]
[0, 0, 0, 0, 0, 1, 1, 0, 0]
[0, 0, 0, 0, 0, 0, 0, 1, 1]


[1, 1, 1, 0, 0, 1, 0, 1, 0]
[1, 0, 0, 1, 0, 0, 0, 0, 1]
[0, 1, 0, 0, 1, 0, 1, 0, 0]
[0, 0, 1, 1, 1, 0, 0, 0, 0]
[0, 0, 0, 0, 0, 1, 1, 0, 0]
[0, 0, 0, 0, 0, 0, 0, 1, 1]


[1, 0, 1, 0, 0, 1, 0, 1, 0]
[1, 1, 0, 1, 0, 0, 0, 0, 1]
[0, 1, 0, 0, 1, 0, 1, 0, 0]
[0, 0, 1, 1, 1, 0, 0, 0, 0]
[0, 0, 0, 0, 0, 1, 1, 0, 0]
[0, 0, 0, 0, 0, 0, 0, 1, 1]


[1, 1, 0, 0, 1, 0, 0, 1, 0]
[1, 0, 1, 0, 0, 1, 0, 0, 1]
[0, 0, 0, 1, 0, 0, 1, 0, 0]
[0, 1, 1, 1, 0, 0, 0, 0, 0]
[0, 0, 0, 0, 1, 1, 1, 0, 0]
[0, 0, 0, 0, 0, 0, 0, 1, 1]


[1, 1, 0, 0, 1, 0, 0, 1, 0]
[0, 0, 1, 0, 0, 1, 0, 0, 1]
[1, 0, 0, 1, 0, 0, 1, 0, 0]
[0, 1, 1, 1, 0, 0, 0, 0, 0]
[0, 0, 0, 0, 1, 1, 1, 0, 0]
[0, 0, 0, 0, 0, 0, 0, 1, 1]


[1, 1, 0, 1, 0, 0, 0, 1, 0]
[1, 0, 1, 0, 0, 0, 0, 0, 1]
[0, 1, 1, 0, 1, 1, 0, 0, 0]
[0, 0, 0, 1, 1, 0, 1, 0, 0]
[0, 0, 0, 0, 0, 1, 1, 0, 0]
[0, 0, 0, 0, 0, 0, 0, 1, 1]


[1, 1, 1, 0, 1, 0, 0, 1, 0]
[1, 0, 0, 0, 0, 0, 0, 0, 1]
[0, 1, 0, 1, 0, 1, 0, 0, 0]
[0, 0, 1, 1, 0, 0, 1, 0, 0]
[0, 0, 0, 0, 1, 1, 1, 0, 0]
[0, 0, 0, 0, 0, 0, 0, 1, 1]


[1, 0, 1, 0, 1, 0, 0, 1, 0]
[1, 1, 0, 0, 0, 0, 0, 0, 1]
[0, 1, 0, 1, 0, 1, 0, 0, 0]
[0, 0, 1, 1, 0, 0, 1, 0, 0]
[0, 0, 0, 0, 1, 1, 1, 0, 0]
[0, 0, 0, 0, 0, 0, 0, 1, 1]


[1, 0, 1, 0, 1, 0, 0, 1, 0]
[0, 1, 0, 0, 0, 0, 0, 0, 1]
[1, 1, 0, 1, 0, 1, 0, 0, 0]
[0, 0, 1, 1, 0, 0, 1, 0, 0]
[0, 0, 0, 0, 1, 1, 1, 0, 0]
[0, 0, 0, 0, 0, 0, 0, 1, 1]


[1, 0, 0, 0, 1, 0, 0, 1, 0]
[0, 1, 1, 0, 0, 0, 0, 0, 1]
[1, 1, 0, 1, 0, 1, 0, 0, 0]
[0, 0, 1, 1, 0, 0, 1, 0, 0]
[0, 0, 0, 0, 1, 1, 1, 0, 0]
[0, 0, 0, 0, 0, 0, 0, 1, 1]


[1, 0, 0, 1, 0, 0, 1, 0, 0]
[0, 1, 0, 0, 1, 0, 0, 1, 0]
[0, 0, 1, 0, 0, 1, 0, 0, 1]
[1, 1, 1, 0, 0, 0, 0, 0, 0]
[0, 0, 0, 1, 1, 1, 0, 0, 0]
[0, 0, 0, 0, 0, 0, 1, 1, 1]


[0, 1, 0, 1, 0, 0, 1, 0, 0]
[1, 0, 0, 0, 1, 0, 0, 1, 0]
[1, 0, 1, 0, 0, 0, 0, 0, 1]
[0, 1, 1, 0, 0, 1, 0, 0, 0]
[0, 0, 0, 1, 1, 1, 0, 0, 0]
[0, 0, 0, 0, 0, 0, 1, 1, 1]





Grafy o 10 krawędziach 
[1, 1, 0, 1, 0, 0, 1, 0, 0, 0]
[1, 0, 1, 0, 1, 0, 0, 1, 0, 0]
[0, 1, 1, 0, 0, 1, 0, 0, 1, 0]
[0, 0, 0, 1, 1, 1, 0, 0, 0, 1]
[0, 0, 0, 0, 0, 0, 1, 1, 1, 1]
[0, 0, 0, 0, 0, 0, 0, 0, 0, 0]


[1, 1, 0, 1, 0, 0, 1, 0, 0, 1]
[1, 0, 1, 0, 1, 0, 0, 1, 0, 0]
[0, 1, 1, 0, 0, 1, 0, 0, 1, 0]
[0, 0, 0, 1, 1, 1, 0, 0, 0, 0]
[0, 0, 0, 0, 0, 0, 1, 1, 1, 0]
[0, 0, 0, 0, 0, 0, 0, 0, 0, 1]


[1, 1, 0, 1, 0, 0, 0, 0, 0, 1]
[1, 0, 1, 0, 1, 0, 1, 0, 0, 0]
[0, 1, 1, 0, 0, 1, 0, 1, 0, 0]
[0, 0, 0, 1, 1, 1, 0, 0, 1, 0]
[0, 0, 0, 0, 0, 0, 1, 1, 1, 0]
[0, 0, 0, 0, 0, 0, 0, 0, 0, 1]


[1, 1, 0, 1, 0, 0, 1, 0, 1, 0]
[1, 0, 1, 0, 1, 0, 0, 1, 0, 1]
[0, 1, 1, 0, 0, 1, 0, 0, 0, 0]
[0, 0, 0, 1, 1, 1, 0, 0, 0, 0]
[0, 0, 0, 0, 0, 0, 1, 1, 0, 0]
[0, 0, 0, 0, 0, 0, 0, 0, 1, 1]


[1, 1, 0, 1, 0, 0, 1, 0, 1, 0]
[1, 0, 1, 0, 1, 0, 0, 0, 0, 1]
[0, 1, 1, 0, 0, 1, 0, 1, 0, 0]
[0, 0, 0, 1, 1, 1, 0, 0, 0, 0]
[0, 0, 0, 0, 0, 0, 1, 1, 0, 0]
[0, 0, 0, 0, 0, 0, 0, 0, 1, 1]


[1, 1, 1, 0, 0, 1, 0, 0, 1, 0]
[1, 0, 0, 1, 0, 0, 1, 0, 0, 1]
[0, 1, 0, 0, 1, 0, 0, 1, 0, 0]
[0, 0, 1, 1, 1, 0, 0, 0, 0, 0]
[0, 0, 0, 0, 0, 1, 1, 1, 0, 0]
[0, 0, 0, 0, 0, 0, 0, 0, 1, 1]


[1, 0, 1, 0, 0, 1, 0, 0, 1, 0]
[0, 1, 0, 1, 0, 0, 1, 0, 0, 1]
[1, 1, 0, 0, 1, 0, 0, 1, 0, 0]
[0, 0, 1, 1, 1, 0, 0, 0, 0, 0]
[0, 0, 0, 0, 0, 1, 1, 1, 0, 0]
[0, 0, 0, 0, 0, 0, 0, 0, 1, 1]


[1, 1, 0, 1, 0, 0, 0, 0, 1, 0]
[1, 0, 1, 0, 1, 0, 0, 0, 0, 1]
[0, 1, 1, 0, 0, 1, 1, 0, 0, 0]
[0, 0, 0, 1, 1, 1, 0, 1, 0, 0]
[0, 0, 0, 0, 0, 0, 1, 1, 0, 0]
[0, 0, 0, 0, 0, 0, 0, 0, 1, 1]


[1, 1, 0, 1, 0, 1, 0, 0, 1, 0]
[1, 0, 1, 0, 0, 0, 0, 0, 0, 1]
[0, 1, 1, 0, 1, 0, 1, 0, 0, 0]
[0, 0, 0, 1, 1, 0, 0, 1, 0, 0]
[0, 0, 0, 0, 0, 1, 1, 1, 0, 0]
[0, 0, 0, 0, 0, 0, 0, 0, 1, 1]


[1, 1, 0, 0, 0, 1, 0, 0, 1, 0]
[1, 0, 1, 1, 0, 0, 0, 0, 0, 1]
[0, 1, 1, 0, 1, 0, 1, 0, 0, 0]
[0, 0, 0, 1, 1, 0, 0, 1, 0, 0]
[0, 0, 0, 0, 0, 1, 1, 1, 0, 0]
[0, 0, 0, 0, 0, 0, 0, 0, 1, 1]


[1, 0, 1, 0, 0, 1, 0, 0, 1, 0]
[0, 1, 0, 1, 0, 0, 0, 0, 0, 1]
[1, 1, 0, 0, 1, 0, 1, 0, 0, 0]
[0, 0, 1, 1, 1, 0, 0, 1, 0, 0]
[0, 0, 0, 0, 0, 1, 1, 1, 0, 0]
[0, 0, 0, 0, 0, 0, 0, 0, 1, 1]


[1, 1, 0, 0, 1, 0, 0, 1, 0, 0]
[1, 0, 1, 0, 0, 1, 0, 0, 1, 0]
[0, 0, 0, 1, 0, 0, 1, 0, 0, 1]
[0, 1, 1, 1, 0, 0, 0, 0, 0, 0]
[0, 0, 0, 0, 1, 1, 1, 0, 0, 0]
[0, 0, 0, 0, 0, 0, 0, 1, 1, 1]


[1, 0, 1, 0, 1, 0, 0, 1, 0, 0]
[0, 1, 0, 1, 0, 1, 0, 0, 1, 0]
[1, 1, 0, 0, 0, 0, 0, 0, 0, 1]
[0, 0, 1, 1, 0, 0, 1, 0, 0, 0]
[0, 0, 0, 0, 1, 1, 1, 0, 0, 0]
[0, 0, 0, 0, 0, 0, 0, 1, 1, 1]


[1, 1, 1, 0, 1, 0, 0, 1, 0, 0]
[1, 0, 0, 0, 0, 1, 0, 0, 1, 0]
[0, 1, 0, 1, 0, 0, 0, 0, 0, 1]
[0, 0, 1, 1, 0, 0, 1, 0, 0, 0]
[0, 0, 0, 0, 1, 1, 1, 0, 0, 0]
[0, 0, 0, 0, 0, 0, 0, 1, 1, 1]


[1, 0, 1, 0, 1, 0, 0, 1, 0, 0]
[1, 1, 0, 0, 0, 1, 0, 0, 1, 0]
[0, 1, 0, 1, 0, 0, 0, 0, 0, 1]
[0, 0, 1, 1, 0, 0, 1, 0, 0, 0]
[0, 0, 0, 0, 1, 1, 1, 0, 0, 0]
[0, 0, 0, 0, 0, 0, 0, 1, 1, 1]





Grafy o 11 krawędziach 
[1, 1, 0, 1, 0, 0, 1, 0, 0, 0, 1]
[1, 0, 1, 0, 1, 0, 0, 1, 0, 0, 0]
[0, 1, 1, 0, 0, 1, 0, 0, 1, 0, 0]
[0, 0, 0, 1, 1, 1, 0, 0, 0, 1, 0]
[0, 0, 0, 0, 0, 0, 1, 1, 1, 1, 0]
[0, 0, 0, 0, 0, 0, 0, 0, 0, 0, 1]


[1, 1, 0, 1, 0, 0, 1, 0, 0, 1, 0]
[1, 0, 1, 0, 1, 0, 0, 1, 0, 0, 1]
[0, 1, 1, 0, 0, 1, 0, 0, 1, 0, 0]
[0, 0, 0, 1, 1, 1, 0, 0, 0, 0, 0]
[0, 0, 0, 0, 0, 0, 1, 1, 1, 0, 0]
[0, 0, 0, 0, 0, 0, 0, 0, 0, 1, 1]


[1, 1, 0, 1, 0, 0, 1, 0, 0, 1, 0]
[1, 0, 1, 0, 1, 0, 0, 0, 0, 0, 1]
[0, 1, 1, 0, 0, 1, 0, 1, 0, 0, 0]
[0, 0, 0, 1, 1, 1, 0, 0, 1, 0, 0]
[0, 0, 0, 0, 0, 0, 1, 1, 1, 0, 0]
[0, 0, 0, 0, 0, 0, 0, 0, 0, 1, 1]


[1, 0, 1, 0, 0, 1, 0, 0, 0, 1, 0]
[0, 1, 0, 1, 0, 0, 1, 0, 0, 0, 1]
[1, 1, 0, 0, 1, 0, 0, 1, 0, 0, 0]
[0, 0, 1, 1, 1, 0, 0, 0, 1, 0, 0]
[0, 0, 0, 0, 0, 1, 1, 1, 1, 0, 0]
[0, 0, 0, 0, 0, 0, 0, 0, 0, 1, 1]


[1, 1, 1, 0, 0, 1, 0, 0, 1, 0, 0]
[1, 0, 0, 1, 0, 0, 1, 0, 0, 1, 0]
[0, 1, 0, 0, 1, 0, 0, 1, 0, 0, 1]
[0, 0, 1, 1, 1, 0, 0, 0, 0, 0, 0]
[0, 0, 0, 0, 0, 1, 1, 1, 0, 0, 0]
[0, 0, 0, 0, 0, 0, 0, 0, 1, 1, 1]


[1, 1, 0, 1, 0, 1, 0, 0, 1, 0, 0]
[1, 0, 1, 0, 1, 0, 1, 0, 0, 1, 0]
[0, 1, 1, 0, 0, 0, 0, 0, 0, 0, 1]
[0, 0, 0, 1, 1, 0, 0, 1, 0, 0, 0]
[0, 0, 0, 0, 0, 1, 1, 1, 0, 0, 0]
[0, 0, 0, 0, 0, 0, 0, 0, 1, 1, 1]


[1, 1, 0, 1, 0, 1, 0, 0, 1, 0, 0]
[1, 0, 1, 0, 0, 0, 1, 0, 0, 1, 0]
[0, 1, 1, 0, 1, 0, 0, 0, 0, 0, 1]
[0, 0, 0, 1, 1, 0, 0, 1, 0, 0, 0]
[0, 0, 0, 0, 0, 1, 1, 1, 0, 0, 0]
[0, 0, 0, 0, 0, 0, 0, 0, 1, 1, 1]


[1, 0, 1, 0, 0, 1, 0, 0, 1, 0, 0]
[0, 1, 0, 1, 0, 0, 1, 0, 0, 1, 0]
[1, 1, 0, 0, 1, 0, 0, 0, 0, 0, 1]
[0, 0, 1, 1, 1, 0, 0, 1, 0, 0, 0]
[0, 0, 0, 0, 0, 1, 1, 1, 0, 0, 0]
[0, 0, 0, 0, 0, 0, 0, 0, 1, 1, 1]


[1, 1, 0, 0, 1, 0, 0, 0, 1, 0, 0]
[1, 0, 1, 0, 0, 1, 0, 0, 0, 1, 0]
[0, 0, 0, 1, 0, 0, 1, 0, 0, 0, 1]
[0, 1, 1, 1, 0, 0, 0, 1, 0, 0, 0]
[0, 0, 0, 0, 1, 1, 1, 1, 0, 0, 0]
[0, 0, 0, 0, 0, 0, 0, 0, 1, 1, 1]





Grafy o 12 krawędziach 
[1, 1, 0, 1, 0, 0, 1, 0, 0, 0, 1, 0]
[1, 0, 1, 0, 1, 0, 0, 1, 0, 0, 0, 1]
[0, 1, 1, 0, 0, 1, 0, 0, 1, 0, 0, 0]
[0, 0, 0, 1, 1, 1, 0, 0, 0, 1, 0, 0]
[0, 0, 0, 0, 0, 0, 1, 1, 1, 1, 0, 0]
[0, 0, 0, 0, 0, 0, 0, 0, 0, 0, 1, 1]


[1, 1, 0, 1, 0, 0, 1, 0, 0, 1, 0, 0]
[1, 0, 1, 0, 1, 0, 0, 1, 0, 0, 1, 0]
[0, 1, 1, 0, 0, 1, 0, 0, 1, 0, 0, 1]
[0, 0, 0, 1, 1, 1, 0, 0, 0, 0, 0, 0]
[0, 0, 0, 0, 0, 0, 1, 1, 1, 0, 0, 0]
[0, 0, 0, 0, 0, 0, 0, 0, 0, 1, 1, 1]


[1, 1, 0, 1, 0, 0, 1, 0, 0, 1, 0, 0]
[1, 0, 1, 0, 1, 0, 0, 1, 0, 0, 1, 0]
[0, 1, 1, 0, 0, 1, 0, 0, 0, 0, 0, 1]
[0, 0, 0, 1, 1, 1, 0, 0, 1, 0, 0, 0]
[0, 0, 0, 0, 0, 0, 1, 1, 1, 0, 0, 0]
[0, 0, 0, 0, 0, 0, 0, 0, 0, 1, 1, 1]


[1, 1, 1, 0, 0, 1, 0, 0, 0, 1, 0, 0]
[1, 0, 0, 1, 0, 0, 1, 0, 0, 0, 1, 0]
[0, 1, 0, 0, 1, 0, 0, 1, 0, 0, 0, 1]
[0, 0, 1, 1, 1, 0, 0, 0, 1, 0, 0, 0]
[0, 0, 0, 0, 0, 1, 1, 1, 1, 0, 0, 0]
[0, 0, 0, 0, 0, 0, 0, 0, 0, 1, 1, 1]


[1, 0, 1, 0, 1, 0, 0, 0, 1, 0, 0, 0]
[0, 1, 0, 1, 0, 1, 0, 0, 0, 1, 0, 0]
[1, 1, 0, 0, 0, 0, 1, 0, 0, 0, 1, 0]
[0, 0, 1, 1, 0, 0, 0, 1, 0, 0, 0, 1]
[0, 0, 0, 0, 1, 1, 1, 1, 0, 0, 0, 0]
[0, 0, 0, 0, 0, 0, 0, 0, 1, 1, 1, 1]





Grafy o 13 krawędziach 
[1, 1, 0, 1, 0, 0, 1, 0, 0, 0, 1, 0, 0]
[1, 0, 1, 0, 1, 0, 0, 1, 0, 0, 0, 1, 0]
[0, 1, 1, 0, 0, 1, 0, 0, 1, 0, 0, 0, 1]
[0, 0, 0, 1, 1, 1, 0, 0, 0, 1, 0, 0, 0]
[0, 0, 0, 0, 0, 0, 1, 1, 1, 1, 0, 0, 0]
[0, 0, 0, 0, 0, 0, 0, 0, 0, 0, 1, 1, 1]


[1, 1, 0, 1, 0, 1, 0, 0, 0, 1, 0, 0, 0]
[1, 0, 1, 0, 1, 0, 1, 0, 0, 0, 1, 0, 0]
[0, 1, 1, 0, 0, 0, 0, 1, 0, 0, 0, 1, 0]
[0, 0, 0, 1, 1, 0, 0, 0, 1, 0, 0, 0, 1]
[0, 0, 0, 0, 0, 1, 1, 1, 1, 0, 0, 0, 0]
[0, 0, 0, 0, 0, 0, 0, 0, 0, 1, 1, 1, 1]





Grafy o 14 krawędziach 
[1, 1, 0, 1, 0, 0, 1, 0, 0, 0, 1, 0, 0, 0]
[1, 0, 1, 0, 1, 0, 0, 1, 0, 0, 0, 1, 0, 0]
[0, 1, 1, 0, 0, 1, 0, 0, 1, 0, 0, 0, 1, 0]
[0, 0, 0, 1, 1, 1, 0, 0, 0, 1, 0, 0, 0, 1]
[0, 0, 0, 0, 0, 0, 1, 1, 1, 1, 0, 0, 0, 0]
[0, 0, 0, 0, 0, 0, 0, 0, 0, 0, 1, 1, 1, 1]





Grafy o 15 krawędziach 
[1, 1, 0, 1, 0, 0, 1, 0, 0, 0, 1, 0, 0, 0, 0]
[1, 0, 1, 0, 1, 0, 0, 1, 0, 0, 0, 1, 0, 0, 0]
[0, 1, 1, 0, 0, 1, 0, 0, 1, 0, 0, 0, 1, 0, 0]
[0, 0, 0, 1, 1, 1, 0, 0, 0, 1, 0, 0, 0, 1, 0]
[0, 0, 0, 0, 0, 0, 1, 1, 1, 1, 0, 0, 0, 0, 1]
[0, 0, 0, 0, 0, 0, 0, 0, 0, 0, 1, 1, 1, 1, 1]