LP.	Data	Typ instrumentu	Nazwa	ISIN	Kurs otwarcia	Kurs maksymalny	Kurs minimalny	Kurs zamkniecia	Zmiana	Wolumen obrotu	Liczba transakcji	Wartosc obrotu w tys. zl	Liczba otwartych pozycji	Wartosc otwartych pozycji w mln zl	Cena nominalna obligacji	Waluta
1	2014-01-02	10	LOTOS	PLLOTOS00025	35,67	36,77	35,4	36,35	2,54	43692	312	1578,91	0	0	0	PLN
2	2014-01-03	10	LOTOS	PLLOTOS00025	36,26	36,71	36,06	36,1	-0,69	39965	476	1453,2	0	0	0	PLN
3	2014-01-07	10	LOTOS	PLLOTOS00025	36	36	35	35	-3,05	137130	1052	4823,16	0	0	0	PLN
4	2014-01-08	10	LOTOS	PLLOTOS00025	34,9	35,19	34	34,66	-0,97	149944	913	5210,69	0	0	0	PLN
5	2014-01-09	10	LOTOS	PLLOTOS00025	34,66	35,04	34,37	34,6	-0,17	112134	535	3883,09	0	0	0	PLN
6	2014-01-10	10	LOTOS	PLLOTOS00025	34,7	34,86	34,5	34,5	-0,29	113584	567	3932,43	0	0	0	PLN
7	2014-01-13	10	LOTOS	PLLOTOS00025	34,88	35,5	34,87	35,5	2,9	97714	641	3446,02	0	0	0	PLN
8	2014-01-14	10	LOTOS	PLLOTOS00025	35,43	35,7	34,99	35,1	-1,13	179952	894	6368,84	0	0	0	PLN
9	2014-01-15	10	LOTOS	PLLOTOS00025	35,69	35,69	34,66	34,73	-1,05	106599	872	3746,93	0	0	0	PLN
10	2014-01-16	10	LOTOS	PLLOTOS00025	34,94	35,6	34,76	35,55	2,36	44554	455	1574,59	0	0	0	PLN
11	2014-01-17	10	LOTOS	PLLOTOS00025	35,7	35,78	35,36	35,5	-0,14	106790	566	3790,03	0	0	0	PLN
12	2014-01-20	10	LOTOS	PLLOTOS00025	35,45	35,49	35,01	35,4	-0,28	42897	363	1516,95	0	0	0	PLN
13	2014-01-21	10	LOTOS	PLLOTOS00025	35,5	35,79	35,5	35,5	0,28	253968	298	9063,83	0	0	0	PLN
14	2014-01-22	10	LOTOS	PLLOTOS00025	35,8	36	35,57	36	1,41	134212	477	4806,31	0	0	0	PLN
15	2014-01-23	10	LOTOS	PLLOTOS00025	36	36,29	35,6	35,9	-0,28	164937	767	5919,24	0	0	0	PLN
16	2014-01-24	10	LOTOS	PLLOTOS00025	35,52	36,17	35,5	36,17	0,75	143021	699	5130,08	0	0	0	PLN
17	2014-01-27	10	LOTOS	PLLOTOS00025	35,41	36,2	35,32	36,03	-0,39	288480	1086	10320	0	0	0	PLN
18	2014-01-28	10	LOTOS	PLLOTOS00025	36,03	36,2	35,63	35,95	-0,22	106175	365	3811,23	0	0	0	PLN
19	2014-01-29	10	LOTOS	PLLOTOS00025	36,09	36,09	35,61	36,07	0,33	164562	579	5902,32	0	0	0	PLN
20	2014-01-30	10	LOTOS	PLLOTOS00025	35,6	36,05	35,6	35,94	-0,36	84606	568	3038,55	0	0	0	PLN
21	2014-01-31	10	LOTOS	PLLOTOS00025	36,09	36,24	35,32	35,32	-1,73	281807	1164	10051,55	0	0	0	PLN
22	2014-02-03	10	LOTOS	PLLOTOS00025	35,44	36,28	35,44	36,25	2,63	73181	396	2641,36	0	0	0	PLN
23	2014-02-04	10	LOTOS	PLLOTOS00025	36	36,68	35,96	36,52	0,74	128632	453	4676,63	0	0	0	PLN
24	2014-02-05	10	LOTOS	PLLOTOS00025	36,52	37,01	36,52	36,8	0,77	139326	712	5123,87	0	0	0	PLN
25	2014-02-06	10	LOTOS	PLLOTOS00025	36,8	37,48	36,31	37,3	1,36	216667	945	8016,74	0	0	0	PLN
26	2014-02-07	10	LOTOS	PLLOTOS00025	37,5	38,05	37,2	38,05	2,01	170326	680	6419,11	0	0	0	PLN
27	2014-02-10	10	LOTOS	PLLOTOS00025	37,8	38	37,53	37,98	-0,18	95443	437	3611,34	0	0	0	PLN
28	2014-02-11	10	LOTOS	PLLOTOS00025	38,2	38,45	38,01	38,38	1,05	141576	690	5425,6	0	0	0	PLN
29	2014-02-12	10	LOTOS	PLLOTOS00025	38,6	38,8	38,55	38,8	1,09	75979	406	2939,56	0	0	0	PLN
30	2014-02-13	10	LOTOS	PLLOTOS00025	38,6	38,8	38,08	38,78	-0,05	106507	556	4091,48	0	0	0	PLN
31	2014-02-14	10	LOTOS	PLLOTOS00025	38,8	38,9	38,4	38,8	0,05	96378	347	3723,99	0	0	0	PLN
32	2014-02-17	10	LOTOS	PLLOTOS00025	38,9	39,09	38,16	38,4	-1,03	115153	443	4464,36	0	0	0	PLN
33	2014-02-18	10	LOTOS	PLLOTOS00025	38,6	39,1	37,55	37,91	-1,28	101142	490	3870,08	0	0	0	PLN
34	2014-02-19	10	LOTOS	PLLOTOS00025	37,91	38,95	37,42	38,9	2,61	62692	394	2403,24	0	0	0	PLN
35	2014-02-20	10	LOTOS	PLLOTOS00025	38,45	38,66	37,61	38,5	-1,03	216183	640	8297,64	0	0	0	PLN
36	2014-02-21	10	LOTOS	PLLOTOS00025	38,9	39,31	38,66	39,3	2,08	116028	371	4525,67	0	0	0	PLN
37	2014-02-24	10	LOTOS	PLLOTOS00025	39,4	39,95	39,2	39,9	1,53	188455	1017	7483,64	0	0	0	PLN
38	2014-02-25	10	LOTOS	PLLOTOS00025	39,98	40,4	39,8	40	0,25	196890	957	7896,2	0	0	0	PLN
39	2014-02-26	10	LOTOS	PLLOTOS00025	40,35	40,35	38,96	39,27	-1,83	183807	1289	7216,74	0	0	0	PLN
40	2014-02-27	10	LOTOS	PLLOTOS00025	39,49	39,87	38,16	39,8	1,35	200003	933	7793,85	0	0	0	PLN
41	2014-02-28	10	LOTOS	PLLOTOS00025	39,51	40,96	39,51	40,96	2,91	234811	918	9498,57	0	0	0	PLN
42	2014-03-03	10	LOTOS	PLLOTOS00025	39,01	40,28	38,8	39,2	-4,3	286863	1170	11269,57	0	0	0	PLN
43	2014-03-04	10	LOTOS	PLLOTOS00025	39,2	40,18	38,86	39,72	1,33	283658	1706	11192,86	0	0	0	PLN
44	2014-03-05	10	LOTOS	PLLOTOS00025	39,29	39,48	37,9	38,38	-3,37	337474	1620	13006,49	0	0	0	PLN
45	2014-03-06	10	LOTOS	PLLOTOS00025	38,41	38,95	37,25	37,41	-2,53	250805	1271	9493,92	0	0	0	PLN
46	2014-03-07	10	LOTOS	PLLOTOS00025	37,4	37,88	37,15	37,7	0,78	215385	1292	8100,7	0	0	0	PLN
47	2014-03-10	10	LOTOS	PLLOTOS00025	37,54	38	37,01	37,3	-1,06	156645	1055	5873,04	0	0	0	PLN
48	2014-03-11	10	LOTOS	PLLOTOS00025	37,29	37,49	36,44	37,48	0,48	266051	1355	9841,86	0	0	0	PLN
49	2014-03-12	10	LOTOS	PLLOTOS00025	37,77	37,77	35,63	36,85	-1,68	361674	1916	13265,03	0	0	0	PLN
50	2014-03-13	10	LOTOS	PLLOTOS00025	37,02	37,32	36,51	37,17	0,87	210314	1245	7778,14	0	0	0	PLN
51	2014-03-14	10	LOTOS	PLLOTOS00025	36,35	36,79	36,05	36,79	-1,02	224761	969	8167,91	0	0	0	PLN
52	2014-03-17	10	LOTOS	PLLOTOS00025	36,75	37,99	36,52	37,99	3,26	192971	661	7242,28	0	0	0	PLN
53	2014-03-18	10	LOTOS	PLLOTOS00025	37,6	38,1	37,11	37,32	-1,76	226962	1111	8512,97	0	0	0	PLN
54	2014-03-19	10	LOTOS	PLLOTOS00025	37,37	37,65	36,52	36,75	-1,53	212687	1301	7852,96	0	0	0	PLN
55	2014-03-20	10	LOTOS	PLLOTOS00025	36,7	37,22	36,21	36,35	-1,09	303074	1678	11077,24	0	0	0	PLN
56	2014-03-21	10	LOTOS	PLLOTOS00025	36,5	36,94	36,2	36,3	-0,14	656695	1670	23881,1	0	0	0	PLN
57	2014-03-24	10	LOTOS	PLLOTOS00025	36,2	36,9	35,85	36,2	-0,28	104805	717	3788,73	0	0	0	PLN
58	2014-03-25	10	LOTOS	PLLOTOS00025	36	36,78	36	36,31	0,3	81020	593	2951,02	0	0	0	PLN
59	2014-03-26	10	LOTOS	PLLOTOS00025	36,79	37,49	36,77	37,27	2,64	127315	648	4733,61	0	0	0	PLN
60	2014-03-27	10	LOTOS	PLLOTOS00025	37,03	37,57	36,57	37,4	0,35	99222	588	3701,92	0	0	0	PLN
61	2014-03-28	10	LOTOS	PLLOTOS00025	37,4	37,57	36,53	36,8	-1,6	158933	900	5900,38	0	0	0	PLN
62	2014-03-31	10	LOTOS	PLLOTOS00025	37,2	37,99	37,02	37,99	3,23	159471	703	6032,01	0	0	0	PLN
63	2014-04-01	10	LOTOS	PLLOTOS00025	38,05	38,16	37,65	38	0,03	115830	488	4402,65	0	0	0	PLN
64	2014-04-02	10	LOTOS	PLLOTOS00025	38	38,69	37,81	38,25	0,66	157717	530	6048,97	0	0	0	PLN
65	2014-04-03	10	LOTOS	PLLOTOS00025	38,5	38,5	37,7	38,25	0	270884	675	10347,13	0	0	0	PLN
66	2014-04-04	10	LOTOS	PLLOTOS00025	38,25	38,49	37,73	37,81	-1,15	161533	556	6164,45	0	0	0	PLN
67	2014-04-07	10	LOTOS	PLLOTOS00025	37,9	38,1	37,46	37,75	-0,16	55295	316	2083,79	0	0	0	PLN
68	2014-04-08	10	LOTOS	PLLOTOS00025	37,5	38,4	37,5	38,4	1,72	127095	676	4856,91	0	0	0	PLN
69	2014-04-09	10	LOTOS	PLLOTOS00025	38,51	39,04	37,8	37,8	-1,56	223966	1321	8681,54	0	0	0	PLN
70	2014-04-10	10	LOTOS	PLLOTOS00025	38,3	39,04	38,02	38,3	1,32	255034	1073	9865,27	0	0	0	PLN
71	2014-04-11	10	LOTOS	PLLOTOS00025	38,3	39	37,92	38,9	1,57	112834	686	4356,07	0	0	0	PLN
72	2014-04-14	10	LOTOS	PLLOTOS00025	38,7	38,7	38,07	38,07	-2,13	72679	527	2776,69	0	0	0	PLN
73	2014-04-15	10	LOTOS	PLLOTOS00025	38,6	38,89	38,07	38,7	1,65	104014	545	4007,66	0	0	0	PLN
74	2014-04-16	10	LOTOS	PLLOTOS00025	38,7	39,2	38,2	39,1	1,03	153352	661	5950,82	0	0	0	PLN
75	2014-04-17	10	LOTOS	PLLOTOS00025	39,11	39,19	38,43	38,7	-1,02	58212	395	2263,53	0	0	0	PLN
76	2014-04-22	10	LOTOS	PLLOTOS00025	38,8	39,08	38,23	39,08	0,98	68401	623	2651,29	0	0	0	PLN
77	2014-04-23	10	LOTOS	PLLOTOS00025	39	39,29	38,41	38,5	-1,48	171509	1183	6649,52	0	0	0	PLN
78	2014-04-24	10	LOTOS	PLLOTOS00025	38,7	39,16	38,21	38,21	-0,75	101486	524	3938,4	0	0	0	PLN
79	2014-04-25	10	LOTOS	PLLOTOS00025	38,16	39,05	38,16	39,05	2,2	68667	448	2654,45	0	0	0	PLN
80	2014-04-28	10	LOTOS	PLLOTOS00025	38,66	39,65	38,45	39,65	1,54	185378	1199	7269,6	0	0	0	PLN
81	2014-04-29	10	LOTOS	PLLOTOS00025	39,6	39,9	38,7	38,7	-2,4	134333	1011	5282,47	0	0	0	PLN
82	2014-04-30	10	LOTOS	PLLOTOS00025	38,88	39,4	38,8	39	0,78	41643	290	1631,64	0	0	0	PLN
83	2014-05-02	10	LOTOS	PLLOTOS00025	39	39	38,5	38,5	-1,28	28867	488	1114,89	0	0	0	PLN
84	2014-05-05	10	LOTOS	PLLOTOS00025	38,77	38,95	37,12	37,35	-2,99	103524	666	3912,84	0	0	0	PLN
85	2014-05-06	10	LOTOS	PLLOTOS00025	37,57	38,2	37,57	37,9	1,47	49339	298	1867,75	0	0	0	PLN
86	2014-05-07	10	LOTOS	PLLOTOS00025	37,61	37,88	37,35	37,49	-1,08	113261	598	4253,37	0	0	0	PLN
87	2014-05-08	10	LOTOS	PLLOTOS00025	37,51	38,15	37,33	37,75	0,69	117511	795	4427,13	0	0	0	PLN
88	2014-05-09	10	LOTOS	PLLOTOS00025	37,68	38,48	36,74	37,1	-1,72	231665	787	8731,75	0	0	0	PLN
89	2014-05-12	10	LOTOS	PLLOTOS00025	37,2	37,74	37,15	37,63	1,43	67272	500	2515,91	0	0	0	PLN
90	2014-05-13	10	LOTOS	PLLOTOS00025	37,7	38,1	37,51	38,05	1,12	39644	332	1498,94	0	0	0	PLN
91	2014-05-14	10	LOTOS	PLLOTOS00025	38,09	38,15	37,42	37,56	-1,29	65404	608	2471,76	0	0	0	PLN
92	2014-05-15	10	LOTOS	PLLOTOS00025	37,94	38,25	37,4	37,8	0,64	116101	735	4402,86	0	0	0	PLN
93	2014-05-16	10	LOTOS	PLLOTOS00025	37,71	38,1	37,06	37,99	0,5	94984	546	3566,6	0	0	0	PLN
94	2014-05-19	10	LOTOS	PLLOTOS00025	37,57	38,07	37,57	37,97	-0,05	39878	235	1513,19	0	0	0	PLN
95	2014-05-20	10	LOTOS	PLLOTOS00025	38	38,22	37,61	38,15	0,47	62958	390	2391,3	0	0	0	PLN
96	2014-05-21	10	LOTOS	PLLOTOS00025	38,29	38,36	38,02	38,25	0,26	73295	352	2803,65	0	0	0	PLN
97	2014-05-22	10	LOTOS	PLLOTOS00025	38,42	38,47	37,92	38,45	0,52	109642	727	4186,62	0	0	0	PLN
98	2014-05-23	10	LOTOS	PLLOTOS00025	38,5	38,85	38,03	38,69	0,62	123573	566	4779,93	0	0	0	PLN
99	2014-05-26	10	LOTOS	PLLOTOS00025	38,7	39,09	38,51	38,97	0,72	121083	647	4710,16	0	0	0	PLN
100	2014-05-27	10	LOTOS	PLLOTOS00025	39	39,04	38,34	38,5	-1,21	60421	516	2335,55	0	0	0	PLN
101	2014-05-28	10	LOTOS	PLLOTOS00025	38,66	38,87	38,07	38,16	-0,88	56249	414	2160,81	0	0	0	PLN
102	2014-05-29	10	LOTOS	PLLOTOS00025	38,17	38,4	37,95	37,95	-0,55	104980	578	4001,35	0	0	0	PLN
103	2014-05-30	10	LOTOS	PLLOTOS00025	37,95	38,35	37,2	37,2	-1,98	260980	976	9813,42	0	0	0	PLN
104	2014-06-02	10	LOTOS	PLLOTOS00025	37,4	37,88	37,4	37,7	1,34	52710	436	1984,44	0	0	0	PLN
105	2014-06-03	10	LOTOS	PLLOTOS00025	37,9	38,28	37,55	37,79	0,24	80583	690	3057,77	0	0	0	PLN
106	2014-06-04	10	LOTOS	PLLOTOS00025	37,98	38,49	37,85	38,49	1,85	126441	705	4836,46	0	0	0	PLN
107	2014-06-05	10	LOTOS	PLLOTOS00025	38,48	38,8	38,3	38,78	0,75	53929	568	2086,73	0	0	0	PLN
108	2014-06-06	10	LOTOS	PLLOTOS00025	38,8	38,95	38,56	38,95	0,44	68802	491	2669,11	0	0	0	PLN
109	2014-06-09	10	LOTOS	PLLOTOS00025	38,81	39,2	38,12	38,2	-1,93	106840	687	4135,43	0	0	0	PLN
110	2014-06-10	10	LOTOS	PLLOTOS00025	38,2	39,13	38,2	38,8	1,57	102393	721	3976,7	0	0	0	PLN
111	2014-06-11	10	LOTOS	PLLOTOS00025	38,8	38,96	37,83	37,9	-2,32	149512	855	5712,36	0	0	0	PLN
112	2014-06-12	10	LOTOS	PLLOTOS00025	38,26	38,62	38,08	38,35	1,19	54590	469	2093,47	0	0	0	PLN
113	2014-06-13	10	LOTOS	PLLOTOS00025	38,3	38,64	37,86	38,64	0,76	42664	445	1639,07	0	0	0	PLN
114	2014-06-16	10	LOTOS	PLLOTOS00025	38,2	38,35	37,92	38,06	-1,5	39101	364	1489,19	0	0	0	PLN
115	2014-06-17	10	LOTOS	PLLOTOS00025	38	38,35	37,91	37,95	-0,29	82326	988	3137,98	0	0	0	PLN
116	2014-06-18	10	LOTOS	PLLOTOS00025	38,21	38,49	38,08	38,44	1,29	57970	732	2220,01	0	0	0	PLN
117	2014-06-20	10	LOTOS	PLLOTOS00025	38,35	38,61	38,07	38,45	0,03	223485	1865	8597,43	0	0	0	PLN
118	2014-06-23	10	LOTOS	PLLOTOS00025	38,25	38,25	38,01	38,2	-0,65	51558	477	1969,28	0	0	0	PLN
119	2014-06-24	10	LOTOS	PLLOTOS00025	38,21	38,5	38	38,25	0,13	32236	257	1231,52	0	0	0	PLN
120	2014-06-25	10	LOTOS	PLLOTOS00025	37,98	38,25	37,58	37,62	-1,65	44170	408	1673,14	0	0	0	PLN
121	2014-06-26	10	LOTOS	PLLOTOS00025	37,64	38,16	37,06	37,25	-0,98	63819	557	2390,9	0	0	0	PLN
122	2014-06-27	10	LOTOS	PLLOTOS00025	37,3	37,59	36,73	36,73	-1,4	87411	712	3228,51	0	0	0	PLN
123	2014-06-30	10	LOTOS	PLLOTOS00025	37,12	37,49	36,8	37	0,74	59269	488	2194,95	0	0	0	PLN
124	2014-07-01	10	LOTOS	PLLOTOS00025	37,48	37,48	36,6	36,9	-0,27	66091	464	2431,29	0	0	0	PLN
125	2014-07-02	10	LOTOS	PLLOTOS00025	36,96	37,39	36,23	36,68	-0,6	126561	716	4647,11	0	0	0	PLN
126	2014-07-03	10	LOTOS	PLLOTOS00025	37,09	37,29	36,41	37	0,87	45778	457	1690,19	0	0	0	PLN
127	2014-07-04	10	LOTOS	PLLOTOS00025	37,01	37,27	36,41	36,41	-1,59	35736	163	1309,31	0	0	0	PLN
128	2014-07-07	10	LOTOS	PLLOTOS00025	36,5	36,99	36,41	36,49	0,22	42920	243	1572,05	0	0	0	PLN
129	2014-07-08	10	LOTOS	PLLOTOS00025	36,76	37,24	36,41	36,63	0,38	143502	534	5308,7	0	0	0	PLN
130	2014-07-09	10	LOTOS	PLLOTOS00025	36,75	37,09	36,57	36,59	-0,11	22446	274	825,49	0	0	0	PLN
131	2014-07-10	10	LOTOS	PLLOTOS00025	36,77	37,09	36,1	36,49	-0,27	78877	655	2877	0	0	0	PLN
132	2014-07-11	10	LOTOS	PLLOTOS00025	36,41	37,1	36,41	37,1	1,67	57697	306	2128,11	0	0	0	PLN
133	2014-07-14	10	LOTOS	PLLOTOS00025	37,19	37,69	37,12	37,12	0,05	38807	263	1451,49	0	0	0	PLN
134	2014-07-15	10	LOTOS	PLLOTOS00025	37,54	37,65	37	37,16	0,11	378037	549	14153,11	0	0	0	PLN
135	2014-07-16	10	LOTOS	PLLOTOS00025	37,51	38,2	37,39	38	2,26	124512	634	4723,83	0	0	0	PLN
136	2014-07-17	10	LOTOS	PLLOTOS00025	38,01	38,4	37,77	38,4	1,05	57044	432	2176,47	0	0	0	PLN
137	2014-07-18	10	LOTOS	PLLOTOS00025	37,92	38,29	37,79	38	-1,04	106649	424	4058,4	0	0	0	PLN
138	2014-07-21	10	LOTOS	PLLOTOS00025	38	38	37,41	37,5	-1,32	49481	334	1857,13	0	0	0	PLN
139	2014-07-22	10	LOTOS	PLLOTOS00025	37,37	38	37,35	37,9	1,07	77230	506	2926,97	0	0	0	PLN
140	2014-07-23	10	LOTOS	PLLOTOS00025	38	38	37,15	37,28	-1,64	54827	385	2053,39	0	0	0	PLN
141	2014-07-24	10	LOTOS	PLLOTOS00025	37,34	37,45	36,9	37,25	-0,08	79639	512	2960,91	0	0	0	PLN
142	2014-07-25	10	LOTOS	PLLOTOS00025	37,21	37,42	36,67	37	-0,67	61320	448	2271,81	0	0	0	PLN
143	2014-07-28	10	LOTOS	PLLOTOS00025	36,81	37,21	36,76	36,79	-0,57	59262	451	2185,22	0	0	0	PLN
144	2014-07-29	10	LOTOS	PLLOTOS00025	36,79	36,99	36,61	36,7	-0,24	73301	425	2692,77	0	0	0	PLN
145	2014-07-30	10	LOTOS	PLLOTOS00025	36,61	36,8	35,7	35,73	-2,64	83349	658	3012,54	0	0	0	PLN
146	2014-07-31	10	LOTOS	PLLOTOS00025	35,71	36,28	35,7	36,27	1,51	111535	535	4017,68	0	0	0	PLN
147	2014-08-01	10	LOTOS	PLLOTOS00025	36,05	36,27	35,61	36,23	-0,11	41572	341	1494,28	0	0	0	PLN
148	2014-08-04	10	LOTOS	PLLOTOS00025	36,4	36,9	36,07	36,6	1,02	92378	701	3374,8	0	0	0	PLN
149	2014-08-05	10	LOTOS	PLLOTOS00025	36,85	36,86	36,11	36,5	-0,27	71051	665	2586,48	0	0	0	PLN
150	2014-08-06	10	LOTOS	PLLOTOS00025	36,48	36,48	35,55	36,11	-1,07	104205	607	3743,13	0	0	0	PLN
151	2014-08-07	10	LOTOS	PLLOTOS00025	36	36,1	35,71	35,71	-1,11	78262	405	2801,36	0	0	0	PLN
152	2014-08-08	10	LOTOS	PLLOTOS00025	35,5	35,67	35,15	35,22	-1,37	41341	322	1460,31	0	0	0	PLN
153	2014-08-11	10	LOTOS	PLLOTOS00025	35,5	35,99	35,41	35,41	0,54	37723	347	1345,11	0	0	0	PLN
154	2014-08-12	10	LOTOS	PLLOTOS00025	35,88	35,95	35,25	35,63	0,62	40521	477	1443,42	0	0	0	PLN
155	2014-08-13	10	LOTOS	PLLOTOS00025	29,9	31,23	29,5	30,75	-13,7	1663087	4446	50917,2	0	0	0	PLN
156	2014-08-14	10	LOTOS	PLLOTOS00025	30,95	30,95	30	30,5	-0,81	425024	1674	12918,26	0	0	0	PLN
157	2014-08-18	10	LOTOS	PLLOTOS00025	30,5	30,92	30,35	30,4	-0,33	310077	1289	9482,83	0	0	0	PLN
158	2014-08-19	10	LOTOS	PLLOTOS00025	30,49	30,79	29,33	29,75	-2,14	313361	1535	9415,76	0	0	0	PLN
159	2014-08-20	10	LOTOS	PLLOTOS00025	29,73	29,78	28,99	29,28	-1,58	349666	1162	10211,7	0	0	0	PLN
160	2014-08-21	10	LOTOS	PLLOTOS00025	29,27	29,59	29,25	29,56	0,96	212164	611	6234,74	0	0	0	PLN
161	2014-08-22	10	LOTOS	PLLOTOS00025	29,7	29,8	29,45	29,55	-0,03	261142	879	7734,54	0	0	0	PLN
162	2014-08-25	10	LOTOS	PLLOTOS00025	29,9	30,8	29,6	30,75	4,06	380318	882	11448,32	0	0	0	PLN
163	2014-08-26	10	LOTOS	PLLOTOS00025	30,74	30,74	30,33	30,59	-0,52	195126	1052	5958,85	0	0	0	PLN
164	2014-08-27	10	LOTOS	PLLOTOS00025	30,75	30,85	30,31	30,45	-0,46	151270	793	4620,48	0	0	0	PLN
165	2014-08-28	10	LOTOS	PLLOTOS00025	30,45	30,48	29,8	29,98	-1,54	134394	645	4027,64	0	0	0	PLN
166	2014-08-29	10	LOTOS	PLLOTOS00025	30,35	30,75	30,08	30,14	0,53	284693	1046	8662,32	0	0	0	PLN
167	2014-09-01	10	LOTOS	PLLOTOS00025	30,44	30,88	30,3	30,59	1,49	108765	479	3327,65	0	0	0	PLN
168	2014-09-02	10	LOTOS	PLLOTOS00025	30,62	30,8	30,42	30,7	0,36	101113	481	3095,57	0	0	0	PLN
169	2014-09-03	10	LOTOS	PLLOTOS00025	30,75	30,97	30,5	30,66	-0,13	159784	776	4908,64	0	0	0	PLN
170	2014-09-04	10	LOTOS	PLLOTOS00025	30,68	30,8	29,55	30	-2,15	372745	1158	11224,14	0	0	0	PLN
171	2014-09-05	10	LOTOS	PLLOTOS00025	30,25	30,25	29,8	29,88	-0,4	93707	725	2809,35	0	0	0	PLN
172	2014-09-08	10	LOTOS	PLLOTOS00025	30	30,21	29,4	29,4	-1,61	298384	1224	8817,81	0	0	0	PLN
173	2014-09-09	10	LOTOS	PLLOTOS00025	29,7	30,39	29,4	30,2	2,72	157864	754	4747,94	0	0	0	PLN
174	2014-09-10	10	LOTOS	PLLOTOS00025	30,32	30,32	30	30,01	-0,63	56302	386	1695,17	0	0	0	PLN
175	2014-09-11	10	LOTOS	PLLOTOS00025	30,05	30,13	29,9	29,91	-0,33	79403	513	2382,74	0	0	0	PLN
176	2014-09-12	10	LOTOS	PLLOTOS00025	29,91	30,1	29,9	29,9	-0,03	86833	748	2602,22	0	0	0	PLN
177	2014-09-15	10	LOTOS	PLLOTOS00025	29,92	30	29,5	29,65	-0,84	94998	535	2821,99	0	0	0	PLN
178	2014-09-16	10	LOTOS	PLLOTOS00025	29,95	29,95	29,52	29,54	-0,37	105908	847	3133,47	0	0	0	PLN
179	2014-09-17	10	LOTOS	PLLOTOS00025	29,74	30,05	28,5	28,97	-1,93	229867	1481	6759,42	0	0	0	PLN
180	2014-09-18	10	LOTOS	PLLOTOS00025	28,97	29,3	28,5	28,65	-1,1	162028	1456	4662,89	0	0	0	PLN
181	2014-09-19	10	LOTOS	PLLOTOS00025	29	29,85	28,88	29,4	2,62	255005	2405	7500,58	0	0	0	PLN
182	2014-09-22	10	LOTOS	PLLOTOS00025	29,4	29,85	29,34	29,7	1,02	61492	599	1819,94	0	0	0	PLN
183	2014-09-23	10	LOTOS	PLLOTOS00025	29,7	29,75	28,71	28,75	-3,2	150808	1020	4378,72	0	0	0	PLN
184	2014-09-24	10	LOTOS	PLLOTOS00025	28,89	28,9	28,28	28,3	-1,57	99127	851	2832,8	0	0	0	PLN
185	2014-09-25	10	LOTOS	PLLOTOS00025	28,8	29,1	28,45	28,72	1,48	193497	1077	5583,86	0	0	0	PLN
186	2014-09-26	10	LOTOS	PLLOTOS00025	28,6	28,72	28,32	28,65	-0,24	61544	516	1753,53	0	0	0	PLN
187	2014-09-29	10	LOTOS	PLLOTOS00025	28,71	28,72	28,39	28,66	0,03	81377	514	2326,03	0	0	0	PLN
188	2014-09-30	10	LOTOS	PLLOTOS00025	28,66	28,67	28,15	28,15	-1,78	139763	656	3954,94	0	0	0	PLN
189	2014-10-01	10	LOTOS	PLLOTOS00025	28,53	28,53	27,38	27,7	-1,6	154823	1018	4306,66	0	0	0	PLN
190	2014-10-02	10	LOTOS	PLLOTOS00025	27,7	27,7	27,33	27,33	-1,34	63915	604	1754,93	0	0	0	PLN
191	2014-10-03	10	LOTOS	PLLOTOS00025	27,4	28,13	27,4	27,71	1,39	59770	589	1662,67	0	0	0	PLN
192	2014-10-06	10	LOTOS	PLLOTOS00025	28,05	28,19	27,7	28,13	1,52	104154	677	2915,55	0	0	0	PLN
193	2014-10-07	10	LOTOS	PLLOTOS00025	28,13	28,15	27,9	28,03	-0,36	70710	340	1980,3	0	0	0	PLN
194	2014-10-08	10	LOTOS	PLLOTOS00025	27,9	28,19	27,8	28,05	0,07	127657	708	3584,15	0	0	0	PLN
195	2014-10-09	10	LOTOS	PLLOTOS00025	28,25	29,1	28,25	29,1	3,74	147844	912	4253,61	0	0	0	PLN
196	2014-10-10	10	LOTOS	PLLOTOS00025	28,9	29,05	28,51	28,82	-0,96	110044	809	3164,33	0	0	0	PLN
197	2014-10-13	10	LOTOS	PLLOTOS00025	28,7	28,85	28,62	28,78	-0,14	275461	478	7911,14	0	0	0	PLN
198	2014-10-14	10	LOTOS	PLLOTOS00025	28,7	29,35	28,67	29,3	1,81	146758	637	4249,82	0	0	0	PLN
199	2014-10-15	10	LOTOS	PLLOTOS00025	29,3	29,55	28,5	28,5	-2,73	125798	728	3631,14	0	0	0	PLN
200	2014-10-16	10	LOTOS	PLLOTOS00025	28,5	28,65	27,62	27,79	-2,49	108393	885	3023,17	0	0	0	PLN
201	2014-10-17	10	LOTOS	PLLOTOS00025	27,8	28,16	27,64	27,74	-0,18	279554	911	7809,92	0	0	0	PLN
202	2014-10-20	10	LOTOS	PLLOTOS00025	28	28,19	27,41	27,41	-1,19	272329	572	7565,27	0	0	0	PLN
203	2014-10-21	10	LOTOS	PLLOTOS00025	27,45	27,88	27,16	27,49	0,29	353360	1103	9709,85	0	0	0	PLN
204	2014-10-22	10	LOTOS	PLLOTOS00025	27,79	28,02	27,51	27,51	0,07	104914	831	2906,21	0	0	0	PLN
205	2014-10-23	10	LOTOS	PLLOTOS00025	27,75	28,15	27,69	27,98	1,71	279672	527	7823,1	0	0	0	PLN
206	2014-10-24	10	LOTOS	PLLOTOS00025	27,97	27,97	27,3	27,4	-2,07	428224	1200	11816,6	0	0	0	PLN
207	2014-10-27	10	LOTOS	PLLOTOS00025	27,9	27,9	27,2	27,2	-0,73	304849	982	8332,57	0	0	0	PLN
208	2014-10-28	10	LOTOS	PLLOTOS00025	27,36	27,37	27,07	27,2	0	296166	1067	8061,06	0	0	0	PLN
209	2014-10-29	10	LOTOS	PLLOTOS00025	27	27	25,6	26	-4,41	726474	3406	18962,24	0	0	0	PLN
210	2014-10-30	10	LOTOS	PLLOTOS00025	26,3	26,3	25,93	25,96	-0,15	241909	1298	6313,59	0	0	0	PLN
211	2014-10-31	10	LOTOS	PLLOTOS00025	26,1	26,27	26	26,04	0,31	193294	792	5051,04	0	0	0	PLN
212	2014-11-03	10	LOTOS	PLLOTOS00025	26,12	26,21	25,37	25,77	-1,04	275501	1574	7100,05	0	0	0	PLN
213	2014-11-04	10	LOTOS	PLLOTOS00025	25,85	25,98	25,7	25,7	-0,27	185485	752	4794,45	0	0	0	PLN
214	2014-11-05	10	LOTOS	PLLOTOS00025	25,65	25,77	25,49	25,7	0	118427	1160	3032,38	0	0	0	PLN
215	2014-11-06	10	LOTOS	PLLOTOS00025	25,8	25,95	25,53	25,95	0,97	234999	621	6048,9	0	0	0	PLN
216	2014-11-07	10	LOTOS	PLLOTOS00025	25,96	26,81	25,9	26,81	3,31	563413	2222	14777,3	0	0	0	PLN
217	2014-11-10	10	LOTOS	PLLOTOS00025	27,2	27,67	26,58	27,3	1,83	344464	1198	9396,18	0	0	0	PLN
218	2014-11-12	10	LOTOS	PLLOTOS00025	27,3	27,3	26,85	27	-1,1	152764	823	4132,72	0	0	0	PLN
219	2014-11-13	10	LOTOS	PLLOTOS00025	27,01	27,1	26,57	27,01	0,04	304506	1509	8164,8	0	0	0	PLN
220	2014-11-14	10	LOTOS	PLLOTOS00025	27,15	27,77	27,07	27,6	2,18	553636	2148	15227,03	0	0	0	PLN
221	2014-11-17	10	LOTOS	PLLOTOS00025	25,35	26,95	25,26	26,95	8,8	707523	2067	18494,89	0	0	0	PLN
222	2014-11-18	10	LOTOS	PLLOTOS00025	26,5	26,58	25,86	26,1	-3,15	357531	1471	9333,36	0	0	0	PLN
223	2014-11-19	10	LOTOS	PLLOTOS00025	26,1	26,29	25,97	26,15	0,19	502561	1096	13122,77	0	0	0	PLN
224	2014-11-20	10	LOTOS	PLLOTOS00025	25,91	26,41	25,6	26,41	0,99	1990493	2598	51933,16	0	0	0	PLN
225	2014-11-21	10	LOTOS	PLLOTOS00025	26,5	27,63	26,27	27,63	4,62	1362942	3573	37013,77	0	0	0	PLN
226	2014-11-24	10	LOTOS	PLLOTOS00025	27,51	27,8	26,46	26,8	-3	3200682	3585	86695,24	0	0	0	PLN
227	2014-11-25	10	LOTOS	PLLOTOS00025	26,49	26,98	26,13	26,98	0,67	1177272	1898	31274,54	0	0	0	PLN
228	2014-11-26	10	LOTOS	PLLOTOS00025	26,96	27,09	26,52	27	0,07	245552	903	6601,51	0	0	0	PLN
229	2014-11-27	10	LOTOS	PLLOTOS00025	27,01	27,1	26,85	26,99	-0,04	234729	657	6339,92	0	0	0	PLN
230	2014-11-28	10	LOTOS	PLLOTOS00025	26,95	27	26,72	27	0,04	149103	418	4018,71	0	0	0	PLN
231	2014-12-01	10	LOTOS	PLLOTOS00025	26,79	26,79	26,33	26,74	-0,96	236514	882	6290,83	0	0	0	PLN
232	2014-12-02	10	LOTOS	PLLOTOS00025	26,42	26,8	26,1	26,34	-1,5	218875	994	5795,31	0	0	0	PLN
233	2014-12-03	10	LOTOS	PLLOTOS00025	26,5	26,66	26,42	26,6	0,99	164596	754	4367,44	0	0	0	PLN
234	2014-12-04	10	LOTOS	PLLOTOS00025	26,5	27,1	26,5	26,9	1,13	453514	1329	12209,32	0	0	0	PLN
235	2014-12-05	10	LOTOS	PLLOTOS00025	27,05	27,07	26,9	27,05	0,56	313849	589	8471,48	0	0	0	PLN
236	2014-12-08	10	LOTOS	PLLOTOS00025	27,05	27,33	26,65	26,99	-0,22	366653	1255	9936,63	0	0	0	PLN
237	2014-12-09	10	LOTOS	PLLOTOS00025	26,75	27	26,65	26,97	-0,07	218501	1035	5858,31	0	0	0	PLN
238	2014-12-10	10	LOTOS	PLLOTOS00025	26,95	26,95	26,09	26,11	-3,19	379193	1941	10050,07	0	0	0	PLN
239	2014-12-11	10	LOTOS	PLLOTOS00025	26,05	26,22	25,62	25,95	-0,61	279066	1144	7232,1	0	0	0	PLN
240	2014-12-12	10	LOTOS	PLLOTOS00025	26	26	25,06	25,3	-2,5	284540	1270	7210,73	0	0	0	PLN
241	2014-12-15	10	LOTOS	PLLOTOS00025	25,35	25,87	24,9	24,97	-1,3	371615	1171	9376,23	0	0	0	PLN
242	2014-12-16	10	LOTOS	PLLOTOS00025	24,9	25	24,05	24,38	-2,36	324748	1438	7932,47	0	0	0	PLN
243	2014-12-17	10	LOTOS	PLLOTOS00025	24,66	25,4	24,45	25,4	4,18	361147	990	9015,22	0	0	0	PLN
244	2014-12-18	10	LOTOS	PLLOTOS00025	25,52	25,95	24,77	25,25	-0,59	477196	1602	12106,2	0	0	0	PLN
245	2014-12-19	10	LOTOS	PLLOTOS00025	25,41	25,9	25	25,9	2,57	705822	2706	18129,52	0	0	0	PLN
246	2014-12-22	10	LOTOS	PLLOTOS00025	25,61	26,1	25,2	25,9	0	280761	929	7210,08	0	0	0	PLN
247	2014-12-23	10	LOTOS	PLLOTOS00025	25,35	26,1	25,35	26,05	0,58	307509	995	7983,37	0	0	0	PLN
248	2014-12-29	10	LOTOS	PLLOTOS00025	26,1	26,1	25,65	25,9	-0,58	84824	346	2195,87	0	0	0	PLN
249	2014-12-30	10	LOTOS	PLLOTOS00025	25,88	26	25,5	25,5	-1,54	143971	396	3689,33	0	0	0	PLN
250	2015-01-02	10	LOTOS	PLLOTOS00025	25,45	26	25,45	25,86	1,41	95376	602	2471,37	0	0	0	PLN
251	2015-01-05	10	LOTOS	PLLOTOS00025	25,87	26	25,44	25,7	-0,62	87322	652	2245,62	0	0	0	PLN
252	2015-01-07	10	LOTOS	PLLOTOS00025	26	26,56	25,46	26,56	3,35	383598	1176	10043,89	0	0	0	PLN
253	2015-01-08	10	LOTOS	PLLOTOS00025	26,58	27	26,32	27	1,66	279601	1117	7462,08	0	0	0	PLN
254	2015-01-09	10	LOTOS	PLLOTOS00025	27	27	26,48	26,7	-1,11	211380	1461	5642,23	0	0	0	PLN
255	2015-01-12	10	LOTOS	PLLOTOS00025	26,64	26,83	26,21	26,47	-0,86	142012	810	3751,47	0	0	0	PLN
256	2015-01-13	10	LOTOS	PLLOTOS00025	26,3	26,63	26,12	26,39	-0,3	371225	1018	9813,3	0	0	0	PLN
257	2015-01-14	10	LOTOS	PLLOTOS00025	26,28	26,28	24,86	24,9	-5,65	438265	1693	11074,3	0	0	0	PLN
258	2015-01-15	10	LOTOS	PLLOTOS00025	25,19	25,19	24,15	24,32	-2,33	442159	1664	10887,5	0	0	0	PLN
259	2015-01-16	10	LOTOS	PLLOTOS00025	24,31	25,27	24,2	24,6	1,15	1242277	1136	30456,99	0	0	0	PLN
260	2015-01-19	10	LOTOS	PLLOTOS00025	24,7	24,8	24,05	24,13	-1,91	370967	1294	9017,8	0	0	0	PLN
261	2015-01-20	10	LOTOS	PLLOTOS00025	24,2	24,27	23,91	24,1	-0,12	359826	1141	8646,8	0	0	0	PLN
262	2015-01-21	10	LOTOS	PLLOTOS00025	24,09	24,39	24	24,38	1,16	246690	955	5975,09	0	0	0	PLN
263	2015-01-22	10	LOTOS	PLLOTOS00025	24,43	25,29	24,4	25,2	3,36	428100	1396	10645,32	0	0	0	PLN
264	2015-01-23	10	LOTOS	PLLOTOS00025	25,35	25,37	24,5	24,74	-1,83	342599	1550	8468,07	0	0	0	PLN
265	2015-01-26	10	LOTOS	PLLOTOS00025	24,68	24,83	24,32	24,36	-1,54	255765	858	6245,13	0	0	0	PLN
266	2015-01-27	10	LOTOS	PLLOTOS00025	24,36	24,93	24,31	24,4	0,16	301006	689	7413,92	0	0	0	PLN
267	2015-01-28	10	LOTOS	PLLOTOS00025	24,59	24,59	23,9	23,9	-2,05	240876	1378	5792,46	0	0	0	PLN
268	2015-01-29	10	LOTOS	PLLOTOS00025	24	24	23,53	23,83	-0,29	357717	1051	8486,83	0	0	0	PLN
269	2015-01-30	10	LOTOS	PLLOTOS00025	23,96	24,44	23,81	24,44	2,56	233046	779	5626,71	0	0	0	PLN
270	2015-02-02	10	LOTOS	PLLOTOS00025	24,48	24,98	24,46	24,6	0,65	344853	946	8519,44	0	0	0	PLN
271	2015-02-03	10	LOTOS	PLLOTOS00025	24,83	24,83	24,37	24,37	-0,93	151909	595	3735,23	0	0	0	PLN
272	2015-02-04	10	LOTOS	PLLOTOS00025	24,4	24,58	24,03	24,35	-0,08	324624	1270	7892,44	0	0	0	PLN
273	2015-02-05	10	LOTOS	PLLOTOS00025	24,2	24,29	23,85	24,28	-0,29	427791	1292	10320,69	0	0	0	PLN
274	2015-02-06	10	LOTOS	PLLOTOS00025	24,29	24,81	24,11	24,68	1,65	211809	1026	5212,97	0	0	0	PLN
275	2015-02-09	10	LOTOS	PLLOTOS00025	24,55	24,88	24,42	24,5	-0,73	200012	1030	4910,72	0	0	0	PLN
276	2015-02-10	10	LOTOS	PLLOTOS00025	24,68	24,68	24,3	24,5	0	165031	872	4038,86	0	0	0	PLN
277	2015-02-11	10	LOTOS	PLLOTOS00025	24,5	24,55	23,86	23,86	-2,61	291997	1096	7015,11	0	0	0	PLN
278	2015-02-12	10	LOTOS	PLLOTOS00025	24,48	24,5	23,94	24,49	2,64	459770	1118	11091,91	0	0	0	PLN
279	2015-02-13	10	LOTOS	PLLOTOS00025	24,5	24,72	24,5	24,72	0,94	188337	997	4638,96	0	0	0	PLN
280	2015-02-16	10	LOTOS	PLLOTOS00025	24,72	24,74	24,5	24,57	-0,61	59642	445	1469,73	0	0	0	PLN
281	2015-02-17	10	LOTOS	PLLOTOS00025	24,54	24,9	24,23	24,75	0,73	195304	1334	4798,6	0	0	0	PLN
282	2015-02-18	10	LOTOS	PLLOTOS00025	24,9	25,39	24,82	25,2	1,82	342999	1311	8601,64	0	0	0	PLN
283	2015-02-19	10	LOTOS	PLLOTOS00025	25,2	25,7	25,01	25,05	-0,6	176004	779	4452,84	0	0	0	PLN
284	2015-02-20	10	LOTOS	PLLOTOS00025	25,05	25,24	24,9	25,21	0,64	114615	654	2877,78	0	0	0	PLN
285	2015-02-23	10	LOTOS	PLLOTOS00025	25,21	25,38	24,92	25	-0,83	143862	867	3614,59	0	0	0	PLN
286	2015-02-24	10	LOTOS	PLLOTOS00025	25,1	25,29	24,18	24,18	-3,28	400753	2880	9898,66	0	0	0	PLN
287	2015-02-25	10	LOTOS	PLLOTOS00025	24,2	24,53	24,2	24,32	0,58	129431	756	3157,15	0	0	0	PLN
288	2015-02-26	10	LOTOS	PLLOTOS00025	24,41	25	24,41	25	2,8	194835	1112	4831,05	0	0	0	PLN
289	2015-02-27	10	LOTOS	PLLOTOS00025	25,12	26,05	25,09	26,04	4,16	675002	2721	17414,08	0	0	0	PLN
290	2015-03-02	10	LOTOS	PLLOTOS00025	26,04	26,04	25,41	25,41	-2,42	345251	2204	8868,69	0	0	0	PLN
291	2015-03-03	10	LOTOS	PLLOTOS00025	25,4	25,54	24,9	25	-1,61	386681	2655	9704,02	0	0	0	PLN
292	2015-03-04	10	LOTOS	PLLOTOS00025	25,15	25,8	25	25,48	1,92	328560	1838	8343,72	0	0	0	PLN
293	2015-03-05	10	LOTOS	PLLOTOS00025	25,5	26,55	25,5	26,4	3,61	953518	4938	25129,73	0	0	0	PLN
294	2015-03-06	10	LOTOS	PLLOTOS00025	26,4	26,9	25,83	26,68	1,06	665996	1880	17708,61	0	0	0	PLN
295	2015-03-09	10	LOTOS	PLLOTOS00025	26,68	27,3	26,55	27	1,2	831283	2525	22514,97	0	0	0	PLN
296	2015-03-10	10	LOTOS	PLLOTOS00025	27,2	27,28	26,56	26,78	-0,81	674267	2780	18227,27	0	0	0	PLN
297	2015-03-11	10	LOTOS	PLLOTOS00025	26,78	26,88	25,9	26,24	-2,02	623550	2553	16434,72	0	0	0	PLN
298	2015-03-12	10	LOTOS	PLLOTOS00025	26,33	26,75	26,11	26,46	0,84	358355	1933	9438,43	0	0	0	PLN
299	2015-03-13	10	LOTOS	PLLOTOS00025	26,43	26,45	25,5	25,5	-3,63	383773	2388	9927,28	0	0	0	PLN
300	2015-03-16	10	LOTOS	PLLOTOS00025	25,72	25,74	25,12	25,47	-0,12	404305	2294	10306,44	0	0	0	PLN
301	2015-03-17	10	LOTOS	PLLOTOS00025	25,5	25,69	25,15	25,15	-1,26	617855	1966	15591,22	0	0	0	PLN
302	2015-03-18	10	LOTOS	PLLOTOS00025	25,2	25,3	24,95	25,25	0,4	799576	1789	20144,82	0	0	0	PLN
303	2015-03-19	10	LOTOS	PLLOTOS00025	25,33	25,65	25,2	25,2	-0,2	576014	2356	14624,84	0	0	0	PLN
304	2015-03-20	10	LOTOS	PLLOTOS00025	25,47	26	25,16	26	3,17	3311373	3343	85808,1	0	0	0	PLN
305	2015-03-23	10	LOTOS	PLLOTOS00025	26,16	26,39	25,63	26,3	1,15	336724	2037	8779,83	0	0	0	PLN
306	2015-03-24	10	LOTOS	PLLOTOS00025	26,36	26,36	25,76	26,15	-0,57	244968	1134	6400,69	0	0	0	PLN
307	2015-03-25	10	LOTOS	PLLOTOS00025	26	27,37	25,88	27,25	4,21	1025893	2750	27544	0	0	0	PLN
308	2015-03-26	10	LOTOS	PLLOTOS00025	27,2	27,8	26,53	26,97	-1,03	1131991	3115	30675,51	0	0	0	PLN
309	2015-03-27	10	LOTOS	PLLOTOS00025	27,01	27,78	27,01	27,61	2,37	1248628	2900	34416,53	0	0	0	PLN
310	2015-03-30	10	LOTOS	PLLOTOS00025	27,6	27,6	27,06	27,1	-1,85	324521	1017	8833,02	0	0	0	PLN
311	2015-03-31	10	LOTOS	PLLOTOS00025	27,15	27,37	26,8	27,08	-0,07	470032	1403	12722,43	0	0	0	PLN
312	2015-04-01	10	LOTOS	PLLOTOS00025	27,03	27,25	26,82	27,09	0,04	332800	1471	9015,81	0	0	0	PLN
313	2015-04-02	10	LOTOS	PLLOTOS00025	27,15	28,55	27,05	28,18	4,02	964999	2619	27017,87	0	0	0	PLN
314	2015-04-07	10	LOTOS	PLLOTOS00025	28,5	30,49	28,38	30	6,46	1081573	2785	32043,53	0	0	0	PLN
315	2015-04-08	10	LOTOS	PLLOTOS00025	29,99	30,18	29,31	29,31	-2,3	621749	1775	18434,14	0	0	0	PLN
316	2015-04-09	10	LOTOS	PLLOTOS00025	29,18	30,7	29,05	30,7	4,74	703339	1890	21041,43	0	0	0	PLN
317	2015-04-10	10	LOTOS	PLLOTOS00025	30,81	31,31	30,08	30,4	-0,98	947190	1860	29253,42	0	0	0	PLN
318	2015-04-13	10	LOTOS	PLLOTOS00025	30,4	30,8	30,24	30,32	-0,26	203643	826	6191,8	0	0	0	PLN
319	2015-04-14	10	LOTOS	PLLOTOS00025	30,58	30,88	30,51	30,7	1,25	187682	1027	5759,01	0	0	0	PLN
320	2015-04-15	10	LOTOS	PLLOTOS00025	30,75	30,91	30,63	30,75	0,16	179878	957	5544,33	0	0	0	PLN
321	2015-04-16	10	LOTOS	PLLOTOS00025	30,88	30,88	29,8	30,5	-0,81	570605	2445	17278,68	0	0	0	PLN
322	2015-04-17	10	LOTOS	PLLOTOS00025	30,2	30,39	29,45	29,67	-2,72	443355	1110	13234,6	0	0	0	PLN
323	2015-04-20	10	LOTOS	PLLOTOS00025	29,51	30,35	29,51	30,35	2,29	366560	1806	11058,68	0	0	0	PLN
324	2015-04-21	10	LOTOS	PLLOTOS00025	30,35	30,64	30,06	30,4	0,16	362846	1370	11008,6	0	0	0	PLN
325	2015-04-22	10	LOTOS	PLLOTOS00025	30,3	30,3	29,27	30	-1,32	492578	2506	14674,48	0	0	0	PLN
326	2015-04-23	10	LOTOS	PLLOTOS00025	30,01	30,15	29,45	29,5	-1,67	430912	1956	12764,86	0	0	0	PLN
327	2015-04-24	10	LOTOS	PLLOTOS00025	29,5	29,9	29,5	29,77	0,92	455935	1026	13522,9	0	0	0	PLN
328	2015-04-27	10	LOTOS	PLLOTOS00025	29,7	30,75	29,7	30,69	3,09	450205	1313	13725,73	0	0	0	PLN
329	2015-04-28	10	LOTOS	PLLOTOS00025	30,71	31,2	30,7	31	1,01	349976	1069	10829,35	0	0	0	PLN
330	2015-04-29	10	LOTOS	PLLOTOS00025	30,99	31,25	29,5	30,61	-1,26	531833	1456	16440	0	0	0	PLN
331	2015-04-30	10	LOTOS	PLLOTOS00025	30,5	31,14	30,48	30,79	0,59	479593	1267	14778,65	0	0	0	PLN
332	2015-05-04	10	LOTOS	PLLOTOS00025	30,71	31,75	30,7	31,59	2,6	290449	1029	9112,17	0	0	0	PLN
333	2015-05-05	10	LOTOS	PLLOTOS00025	31,7	31,7	30,9	30,9	-2,18	163276	793	5099,45	0	0	0	PLN
334	2015-05-06	10	LOTOS	PLLOTOS00025	30,7	31,2	30,45	31	0,32	159530	776	4928,88	0	0	0	PLN
335	2015-05-07	10	LOTOS	PLLOTOS00025	30,9	30,9	30,35	30,43	-1,84	151659	560	4625,16	0	0	0	PLN
336	2015-05-08	10	LOTOS	PLLOTOS00025	30,5	30,94	30,46	30,94	1,68	153746	708	4716,92	0	0	0	PLN
337	2015-05-11	10	LOTOS	PLLOTOS00025	30,94	30,98	30,42	30,95	0,03	193028	590	5919,35	0	0	0	PLN
338	2015-05-12	10	LOTOS	PLLOTOS00025	30,95	30,95	30,36	30,9	-0,16	219339	834	6720,12	0	0	0	PLN
339	2015-05-13	10	LOTOS	PLLOTOS00025	30,89	30,89	30,55	30,73	-0,55	132601	487	4077,32	0	0	0	PLN
340	2015-05-14	10	LOTOS	PLLOTOS00025	30,67	30,67	30	30	-2,38	133157	608	4024,51	0	0	0	PLN
341	2015-05-15	10	LOTOS	PLLOTOS00025	30	30,23	29,75	30	0	163682	563	4912,06	0	0	0	PLN
342	2015-05-18	10	LOTOS	PLLOTOS00025	30	30,15	29,76	29,8	-0,67	127571	751	3826,96	0	0	0	PLN
343	2015-05-19	10	LOTOS	PLLOTOS00025	30,2	31,09	30,05	30,8	3,36	610923	1151	18829,22	0	0	0	PLN
344	2015-05-20	10	LOTOS	PLLOTOS00025	30,99	31,26	30,57	31,1	0,97	197772	761	6119,74	0	0	0	PLN
345	2015-05-21	10	LOTOS	PLLOTOS00025	31,27	31,27	30,8	31,19	0,29	128616	829	4000,22	0	0	0	PLN
346	2015-05-22	10	LOTOS	PLLOTOS00025	31,2	31,25	30,55	30,73	-1,47	143471	624	4409,38	0	0	0	PLN
347	2015-05-25	10	LOTOS	PLLOTOS00025	30,5	30,7	29,9	30,29	-1,43	78489	456	2371,15	0	0	0	PLN
348	2015-05-26	10	LOTOS	PLLOTOS00025	30,26	30,89	30,2	30,24	-0,17	178672	1292	5458,38	0	0	0	PLN
349	2015-05-27	10	LOTOS	PLLOTOS00025	30,28	30,65	30,28	30,61	1,22	125767	835	3833,04	0	0	0	PLN
350	2015-05-28	10	LOTOS	PLLOTOS00025	30,52	30,64	29,9	29,92	-2,25	136527	686	4126,74	0	0	0	PLN
351	2015-05-29	10	LOTOS	PLLOTOS00025	29,97	30,47	29,81	30,21	0,97	431115	1344	13022,55	0	0	0	PLN
352	2015-06-01	10	LOTOS	PLLOTOS00025	30,21	30,53	30,04	30,16	-0,17	183407	1952	5540,7	0	0	0	PLN
353	2015-06-02	10	LOTOS	PLLOTOS00025	30,29	30,49	29,53	30,27	0,36	266152	2957	7984,14	0	0	0	PLN
354	2015-06-03	10	LOTOS	PLLOTOS00025	30,2	30,49	29,8	30,14	-0,43	224060	2603	6755,3	0	0	0	PLN
355	2015-06-05	10	LOTOS	PLLOTOS00025	29,61	30,03	29,12	29,25	-2,95	206595	1566	6083,76	0	0	0	PLN
356	2015-06-08	10	LOTOS	PLLOTOS00025	29,19	29,9	29,12	29,39	0,48	171278	1699	5054,97	0	0	0	PLN
357	2015-06-09	10	LOTOS	PLLOTOS00025	29,3	29,39	28,02	28,31	-3,67	371093	2522	10611,05	0	0	0	PLN
358	2015-06-10	10	LOTOS	PLLOTOS00025	28,5	28,79	28,47	28,47	0,57	201229	1323	5763,07	0	0	0	PLN
359	2015-06-11	10	LOTOS	PLLOTOS00025	28,5	29,4	28,5	29,39	3,23	131741	1585	3833,74	0	0	0	PLN
360	2015-06-12	10	LOTOS	PLLOTOS00025	29,36	29,36	29,11	29,3	-0,31	55526	495	1622,39	0	0	0	PLN
361	2015-06-15	10	LOTOS	PLLOTOS00025	29,33	29,4	28,72	29,39	0,31	167350	1178	4885,91	0	0	0	PLN
362	2015-06-16	10	LOTOS	PLLOTOS00025	29,3	29,3	28,8	29,25	-0,48	74570	605	2167	0	0	0	PLN
363	2015-06-17	10	LOTOS	PLLOTOS00025	29,1	29,45	28,5	28,6	-2,22	223577	1937	6493,36	0	0	0	PLN
364	2015-06-18	10	LOTOS	PLLOTOS00025	28,52	28,65	27,81	28,65	0,17	267807	1581	7556,53	0	0	0	PLN
365	2015-06-19	10	LOTOS	PLLOTOS00025	28,89	29,14	28,58	28,58	-0,24	334652	1729	9620,47	0	0	0	PLN
366	2015-06-22	10	LOTOS	PLLOTOS00025	28,8	29,73	28,51	29,6	3,57	119727	1385	3503,01	0	0	0	PLN
367	2015-06-23	10	LOTOS	PLLOTOS00025	29,69	29,95	29,55	29,6	0	144064	952	4289,89	0	0	0	PLN
368	2015-06-24	10	LOTOS	PLLOTOS00025	29,7	29,87	29,15	29,79	0,64	145063	2219	4285,63	0	0	0	PLN
369	2015-06-25	10	LOTOS	PLLOTOS00025	29,66	30,3	29,52	30,13	1,14	436098	2200	13098,27	0	0	0	PLN
370	2015-06-26	10	LOTOS	PLLOTOS00025	30,1	30,5	29,75	30,43	1	242800	2629	7308,43	0	0	0	PLN
371	2015-06-29	10	LOTOS	PLLOTOS00025	29,01	30,2	28,62	29,6	-2,73	295805	2816	8781,32	0	0	0	PLN
372	2015-06-30	10	LOTOS	PLLOTOS00025	29,6	30	29,23	30	1,35	272167	1251	8102,53	0	0	0	PLN
373	2015-07-01	10	LOTOS	PLLOTOS00025	30	30	28,81	28,91	-3,63	453221	2368	13315,43	0	0	0	PLN
374	2015-07-02	10	LOTOS	PLLOTOS00025	28,91	29,1	28,61	29	0,31	227154	1365	6559,03	0	0	0	PLN
375	2015-07-03	10	LOTOS	PLLOTOS00025	29,15	29,22	28,83	29,11	0,38	88136	677	2557,47	0	0	0	PLN
376	2015-07-06	10	LOTOS	PLLOTOS00025	28,75	29	28,73	28,9	-0,72	50847	370	1465,45	0	0	0	PLN
377	2015-07-07	10	LOTOS	PLLOTOS00025	28,9	29,44	28,9	29,11	0,73	98644	669	2870,02	0	0	0	PLN
378	2015-07-08	10	LOTOS	PLLOTOS00025	28,9	29,1	28,69	29	-0,38	145398	667	4204,71	0	0	0	PLN
379	2015-07-09	10	LOTOS	PLLOTOS00025	29	29	28,27	28,65	-1,21	157984	1273	4530,67	0	0	0	PLN
380	2015-07-10	10	LOTOS	PLLOTOS00025	28,85	29,32	28,7	29,3	2,27	115245	1031	3357,52	0	0	0	PLN
381	2015-07-13	10	LOTOS	PLLOTOS00025	29,25	29,72	29,2	29,42	0,41	239230	3059	7046,99	0	0	0	PLN
382	2015-07-14	10	LOTOS	PLLOTOS00025	29,35	29,8	29,19	29,8	1,29	156781	1224	4639,97	0	0	0	PLN
383	2015-07-15	10	LOTOS	PLLOTOS00025	29,8	30,38	29,21	30,38	1,95	172567	1419	5169,42	0	0	0	PLN
384	2015-07-16	10	LOTOS	PLLOTOS00025	30,37	31	30,21	31	2,04	311822	3076	9551,46	0	0	0	PLN
385	2015-07-17	10	LOTOS	PLLOTOS00025	30,99	31,1	30,22	30,8	-0,65	274053	2211	8438,18	0	0	0	PLN
386	2015-07-20	10	LOTOS	PLLOTOS00025	30,67	31,6	30,67	31,34	1,75	287716	2048	8998,43	0	0	0	PLN
387	2015-07-21	10	LOTOS	PLLOTOS00025	31,63	32,27	31,45	32,25	2,9	409455	2109	13052,6	0	0	0	PLN
388	2015-07-22	10	LOTOS	PLLOTOS00025	32,29	32,4	31,77	31,95	-0,93	535961	2235	17223,69	0	0	0	PLN
389	2015-07-23	10	LOTOS	PLLOTOS00025	31,75	31,75	30,55	31,55	-1,25	230271	1403	7169,28	0	0	0	PLN
390	2015-07-24	10	LOTOS	PLLOTOS00025	31,79	31,95	31,35	31,8	0,79	222017	1281	7032,35	0	0	0	PLN
391	2015-07-27	10	LOTOS	PLLOTOS00025	31,88	31,88	31,14	31,4	-1,26	123732	1376	3894,65	0	0	0	PLN
392	2015-07-28	10	LOTOS	PLLOTOS00025	31,27	31,67	31,12	31,12	-0,89	182641	2087	5725,33	0	0	0	PLN
393	2015-07-29	10	LOTOS	PLLOTOS00025	31,11	31,64	31,1	31,45	1,06	269864	1392	8478,67	0	0	0	PLN
394	2015-07-30	10	LOTOS	PLLOTOS00025	31,42	31,64	31,08	31,17	-0,89	268928	1506	8414,01	0	0	0	PLN
395	2015-07-31	10	LOTOS	PLLOTOS00025	31,05	31,5	31,05	31,5	1,06	239790	1130	7521,99	0	0	0	PLN
396	2015-08-03	10	LOTOS	PLLOTOS00025	31,5	31,5	30,89	31,15	-1,11	209580	1432	6552,17	0	0	0	PLN
397	2015-08-04	10	LOTOS	PLLOTOS00025	31,2	32	29,1	31,64	1,57	577342	1958	17876,3	0	0	0	PLN
398	2015-08-05	10	LOTOS	PLLOTOS00025	31,79	31,83	31,22	31,7	0,19	469708	2301	14784,34	0	0	0	PLN
399	2015-08-06	10	LOTOS	PLLOTOS00025	31,63	31,63	31,1	31,4	-0,95	208168	1322	6531,55	0	0	0	PLN
400	2015-08-07	10	LOTOS	PLLOTOS00025	31,45	31,65	31,16	31,45	0,16	93487	809	2938,14	0	0	0	PLN
401	2015-08-10	10	LOTOS	PLLOTOS00025	31,5	31,84	31,5	31,8	1,11	253793	776	8036,49	0	0	0	PLN
402	2015-08-11	10	LOTOS	PLLOTOS00025	32,5	33	32,4	32,5	2,2	434737	2570	14183,87	0	0	0	PLN
403	2015-08-12	10	LOTOS	PLLOTOS00025	32,53	33,2	31,81	33,15	2	361460	1754	11801,57	0	0	0	PLN
404	2015-08-13	10	LOTOS	PLLOTOS00025	33,19	33,24	32,34	32,65	-1,51	260638	1597	8577,64	0	0	0	PLN
405	2015-08-14	10	LOTOS	PLLOTOS00025	32,66	32,69	31,85	31,92	-2,24	183115	2180	5874,97	0	0	0	PLN
406	2015-08-17	10	LOTOS	PLLOTOS00025	32,1	32,1	31,33	31,85	-0,22	179691	637	5713,08	0	0	0	PLN
407	2015-08-18	10	LOTOS	PLLOTOS00025	31,5	32,74	31,35	32,7	2,67	266889	1684	8641,82	0	0	0	PLN
408	2015-08-19	10	LOTOS	PLLOTOS00025	32,67	32,89	32,1	32,69	-0,03	176386	1069	5759,61	0	0	0	PLN
409	2015-08-20	10	LOTOS	PLLOTOS00025	32,39	32,84	31,9	31,9	-2,42	144848	1126	4673,69	0	0	0	PLN
410	2015-08-21	10	LOTOS	PLLOTOS00025	31,89	31,89	31,17	31,17	-2,29	270372	1333	8510,91	0	0	0	PLN
411	2015-08-24	10	LOTOS	PLLOTOS00025	30,97	30,97	29	29,52	-5,29	447666	2355	13291,9	0	0	0	PLN
412	2015-08-25	10	LOTOS	PLLOTOS00025	29	30,49	28,3	29,8	0,95	313379	1818	9367,06	0	0	0	PLN
413	2015-08-26	10	LOTOS	PLLOTOS00025	30,2	30,2	29,12	29,2	-2,01	277304	1670	8150,84	0	0	0	PLN
414	2015-08-27	10	LOTOS	PLLOTOS00025	29,4	31	29,4	30,01	2,77	410838	2305	12380,07	0	0	0	PLN
415	2015-08-28	10	LOTOS	PLLOTOS00025	30,66	30,66	29,72	30	-0,03	350717	1720	10522,78	0	0	0	PLN
416	2015-08-31	10	LOTOS	PLLOTOS00025	30	30	29,41	29,9	-0,33	269962	1024	8056,99	0	0	0	PLN
417	2015-09-01	10	LOTOS	PLLOTOS00025	29,6	29,8	29,2	29,23	-2,24	226714	945	6650,11	0	0	0	PLN
418	2015-09-02	10	LOTOS	PLLOTOS00025	29,45	29,69	29,04	29,18	-0,17	250202	2212	7323,92	0	0	0	PLN
419	2015-09-03	10	LOTOS	PLLOTOS00025	29,26	29,38	28,6	28,9	-0,96	383867	2013	11124,68	0	0	0	PLN
420	2015-09-04	10	LOTOS	PLLOTOS00025	28,76	29,19	28,32	29,19	1	438596	2392	12633,1	0	0	0	PLN
421	2015-09-07	10	LOTOS	PLLOTOS00025	29,19	29,37	29	29,09	-0,34	127230	984	3708,26	0	0	0	PLN
422	2015-09-08	10	LOTOS	PLLOTOS00025	29,05	29,54	29,05	29,2	0,38	167805	1257	4928,41	0	0	0	PLN
423	2015-09-09	10	LOTOS	PLLOTOS00025	29,71	30,26	29,41	30,1	3,08	260679	2021	7793,67	0	0	0	PLN
424	2015-09-10	10	LOTOS	PLLOTOS00025	29,97	31	29,97	30,96	2,86	351701	2058	10791,94	0	0	0	PLN
425	2015-09-11	10	LOTOS	PLLOTOS00025	31	31	30,39	30,5	-1,49	139688	978	4283,28	0	0	0	PLN
426	2015-09-14	10	LOTOS	PLLOTOS00025	30,5	31,05	30,5	30,87	1,21	418585	2251	12925,24	0	0	0	PLN
427	2015-09-15	10	LOTOS	PLLOTOS00025	30,9	31	30,5	30,98	0,36	129438	1058	3986,94	0	0	0	PLN
428	2015-09-16	10	LOTOS	PLLOTOS00025	30,8	30,9	30,28	30,56	-1,36	95122	652	2910,86	0	0	0	PLN
429	2015-09-17	10	LOTOS	PLLOTOS00025	30,6	30,98	30,12	30,29	-0,88	214776	969	6536,74	0	0	0	PLN
430	2015-09-18	10	LOTOS	PLLOTOS00025	30,1	30,67	30,01	30,67	1,25	365455	1049	11143,13	0	0	0	PLN
431	2015-09-21	10	LOTOS	PLLOTOS00025	30,75	30,87	30,13	30,47	-0,65	103045	1112	3143,39	0	0	0	PLN
432	2015-09-22	10	LOTOS	PLLOTOS00025	30,3	30,48	29,07	29,07	-4,59	253886	1553	7490,69	0	0	0	PLN
433	2015-09-23	10	LOTOS	PLLOTOS00025	29,15	29,4	27,72	27,92	-3,96	343317	2110	9759,44	0	0	0	PLN
434	2015-09-24	10	LOTOS	PLLOTOS00025	28	28,47	27,63	27,9	-0,07	334388	1048	9392,8	0	0	0	PLN
435	2015-09-25	10	LOTOS	PLLOTOS00025	28,48	28,48	27,75	28,1	0,72	202227	962	5643,33	0	0	0	PLN
436	2015-09-28	10	LOTOS	PLLOTOS00025	27,88	28,1	27,45	27,49	-2,17	150638	1154	4175,44	0	0	0	PLN
437	2015-09-29	10	LOTOS	PLLOTOS00025	27,3	28,17	27,03	27,59	0,36	178653	1497	4971,94	0	0	0	PLN
438	2015-09-30	10	LOTOS	PLLOTOS00025	28	28,23	27,65	27,95	1,3	318700	2089	8930,14	0	0	0	PLN
439	2015-10-01	10	LOTOS	PLLOTOS00025	28,11	28,85	28,02	28,46	1,82	183541	2000	5208,51	0	0	0	PLN
440	2015-10-02	10	LOTOS	PLLOTOS00025	28,5	28,81	28,1	28,7	0,84	175817	603	5040,27	0	0	0	PLN
441	2015-10-05	10	LOTOS	PLLOTOS00025	28,81	29,78	28,7	29,3	2,09	156786	1299	4600,36	0	0	0	PLN
442	2015-10-06	10	LOTOS	PLLOTOS00025	29,38	29,64	29,21	29,64	1,16	101746	1016	2993,28	0	0	0	PLN
443	2015-10-07	10	LOTOS	PLLOTOS00025	29,55	30,05	29,23	30,05	1,38	464285	3037	13829,45	0	0	0	PLN
444	2015-10-08	10	LOTOS	PLLOTOS00025	30,1	30,94	29,47	30,66	2,03	311704	2190	9391,17	0	0	0	PLN
445	2015-10-09	10	LOTOS	PLLOTOS00025	30,65	31,17	30,65	30,8	0,46	364008	2505	11272,74	0	0	0	PLN
446	2015-10-12	10	LOTOS	PLLOTOS00025	31,07	31,07	30,05	30,2	-1,95	268223	1618	8115,01	0	0	0	PLN
447	2015-10-13	10	LOTOS	PLLOTOS00025	30,1	30,12	29,03	29,38	-2,72	154858	959	4545,54	0	0	0	PLN
448	2015-10-14	10	LOTOS	PLLOTOS00025	29,32	30,48	29,32	30,48	3,74	158469	1276	4748,32	0	0	0	PLN
449	2015-10-15	10	LOTOS	PLLOTOS00025	29,99	30,1	29,52	29,8	-2,23	130499	784	3896,18	0	0	0	PLN
450	2015-10-16	10	LOTOS	PLLOTOS00025	30	30,14	29,37	29,52	-0,94	112316	845	3337,6	0	0	0	PLN
451	2015-10-19	10	LOTOS	PLLOTOS00025	29,55	29,99	29,55	29,91	1,32	72297	660	2156,52	0	0	0	PLN
452	2015-10-20	10	LOTOS	PLLOTOS00025	29,85	29,91	29,45	29,6	-1,04	163653	1450	4844,46	0	0	0	PLN
453	2015-10-21	10	LOTOS	PLLOTOS00025	29,9	29,9	28,83	28,9	-2,36	227306	1950	6636,71	0	0	0	PLN
454	2015-10-22	10	LOTOS	PLLOTOS00025	29,14	29,2	28,65	28,65	-0,87	235192	1323	6822,52	0	0	0	PLN
455	2015-10-23	10	LOTOS	PLLOTOS00025	29,13	29,55	28,95	29,05	1,4	349042	2879	10186,44	0	0	0	PLN
456	2015-10-26	10	LOTOS	PLLOTOS00025	29	29,32	28,7	28,9	-0,52	203437	1375	5904,78	0	0	0	PLN
457	2015-10-27	10	LOTOS	PLLOTOS00025	28,9	29,37	28,42	28,51	-1,35	227947	1368	6519,61	0	0	0	PLN
458	2015-10-28	10	LOTOS	PLLOTOS00025	28,51	28,58	28,01	28,25	-0,91	287353	2069	8110,12	0	0	0	PLN
459	2015-10-29	10	LOTOS	PLLOTOS00025	28,47	28,47	27,62	28	-0,88	601702	2193	16823,61	0	0	0	PLN
460	2015-10-30	10	LOTOS	PLLOTOS00025	28	28,58	27,75	28,46	1,64	258903	1279	7330,71	0	0	0	PLN
461	2015-11-02	10	LOTOS	PLLOTOS00025	28,46	29,09	28,46	28,9	1,55	393557	1269	11384,47	0	0	0	PLN
462	2015-11-03	10	LOTOS	PLLOTOS00025	29,01	29,05	28,18	28,44	-1,59	289329	1096	8259,87	0	0	0	PLN
463	2015-11-04	10	LOTOS	PLLOTOS00025	28,78	28,78	28,51	28,77	1,16	289498	1722	8300,81	0	0	0	PLN
464	2015-11-05	10	LOTOS	PLLOTOS00025	28,5	28,75	28,36	28,56	-0,73	140565	1047	4014,19	0	0	0	PLN
465	2015-11-06	10	LOTOS	PLLOTOS00025	28,77	28,77	27,51	27,85	-2,49	405970	2880	11333,96	0	0	0	PLN
466	2015-11-09	10	LOTOS	PLLOTOS00025	28	28,19	27,2	27,51	-1,22	271802	1691	7476,49	0	0	0	PLN
467	2015-11-10	10	LOTOS	PLLOTOS00025	27,8	28,44	27,51	28,3	2,87	215658	1538	6013,09	0	0	0	PLN
468	2015-11-12	10	LOTOS	PLLOTOS00025	28,5	28,5	27,37	27,73	-2,01	356070	1691	9855,66	0	0	0	PLN
469	2015-11-13	10	LOTOS	PLLOTOS00025	27,5	27,67	26,85	27,01	-2,6	163713	1222	4453,05	0	0	0	PLN
470	2015-11-16	10	LOTOS	PLLOTOS00025	26,95	27,77	26,55	27,7	2,55	259118	2499	7067,74	0	0	0	PLN
471	2015-11-17	10	LOTOS	PLLOTOS00025	27,82	28,19	27,48	27,71	0,04	177875	1638	4946,08	0	0	0	PLN
472	2015-11-18	10	LOTOS	PLLOTOS00025	28	28,1	27,66	28	1,05	194199	1004	5409,42	0	0	0	PLN
473	2015-11-19	10	LOTOS	PLLOTOS00025	28,19	28,94	28,19	28,66	2,36	341290	1192	9761,92	0	0	0	PLN
474	2015-11-20	10	LOTOS	PLLOTOS00025	28,66	28,74	28,23	28,6	-0,21	162941	854	4645,53	0	0	0	PLN
475	2015-11-23	10	LOTOS	PLLOTOS00025	28,65	28,9	28,02	28,5	-0,35	220421	1667	6297,66	0	0	0	PLN
476	2015-11-24	10	LOTOS	PLLOTOS00025	28,77	28,9	28,21	28,85	1,23	399887	1971	11449,36	0	0	0	PLN
477	2015-11-25	10	LOTOS	PLLOTOS00025	28,85	28,94	28,4	28,87	0,07	248710	2504	7166,92	0	0	0	PLN
478	2015-11-26	10	LOTOS	PLLOTOS00025	28,98	29,09	28,58	28,91	0,14	134377	1736	3885,23	0	0	0	PLN
479	2015-11-27	10	LOTOS	PLLOTOS00025	28,98	29,08	28,55	28,9	-0,03	144022	1217	4159,81	0	0	0	PLN
480	2015-11-30	10	LOTOS	PLLOTOS00025	28,95	28,98	28,41	28,51	-1,35	752856	2740	21507,75	0	0	0	PLN
481	2015-12-01	10	LOTOS	PLLOTOS00025	28,61	29	28,42	29	1,72	218448	1215	6285,97	0	0	0	PLN
482	2015-12-02	10	LOTOS	PLLOTOS00025	29	29,1	28,46	28,77	-0,79	261550	1489	7538,24	0	0	0	PLN
483	2015-12-03	10	LOTOS	PLLOTOS00025	28,82	28,9	28,01	28,68	-0,31	189642	1652	5395,84	0	0	0	PLN
484	2015-12-04	10	LOTOS	PLLOTOS00025	28,4	28,67	27,05	28,44	-0,84	283907	1869	7935	0	0	0	PLN
485	2015-12-07	10	LOTOS	PLLOTOS00025	28,44	28,81	28,3	28,41	-0,11	85848	750	2454,35	0	0	0	PLN
486	2015-12-08	10	LOTOS	PLLOTOS00025	28,35	28,55	28,24	28,4	-0,04	122261	719	3474,91	0	0	0	PLN
487	2015-12-09	10	LOTOS	PLLOTOS00025	28,2	28,4	27,75	28	-1,41	244289	1145	6864,59	0	0	0	PLN
488	2015-12-10	10	LOTOS	PLLOTOS00025	28	28,19	27,41	27,5	-1,79	386460	4071	10688,41	0	0	0	PLN
